  -4.2000E-01  1.5199E-01  6.5795E+00
  -4.1990E-01  1.5174E-01  6.5903E+00
  -4.1980E-01  1.5132E-01  6.6083E+00
  -4.1970E-01  1.5076E-01  6.6329E+00
  -4.1960E-01  1.5009E-01  6.6626E+00
  -4.1950E-01  1.4935E-01  6.6958E+00
  -4.1940E-01  1.4858E-01  6.7304E+00
  -4.1930E-01  1.4784E-01  6.7639E+00
  -4.1920E-01  1.4719E-01  6.7940E+00
  -4.1910E-01  1.4665E-01  6.8189E+00
  -4.1900E-01  1.4626E-01  6.8373E+00
  -4.1890E-01  1.4601E-01  6.8488E+00
  -4.1880E-01  1.4589E-01  6.8543E+00
  -4.1870E-01  1.4586E-01  6.8558E+00
  -4.1860E-01  1.4585E-01  6.8562E+00
  -4.1850E-01  1.4579E-01  6.8593E+00
  -4.1840E-01  1.4558E-01  6.8690E+00
  -4.1830E-01  1.4516E-01  6.8888E+00
  -4.1820E-01  1.4447E-01  6.9216E+00
  -4.1810E-01  1.4350E-01  6.9687E+00
  -4.1800E-01  1.4226E-01  7.0295E+00
  -4.1790E-01  1.4082E-01  7.1011E+00
  -4.1780E-01  1.3930E-01  7.1786E+00
  -4.1770E-01  1.3783E-01  7.2552E+00
  -4.1760E-01  1.3656E-01  7.3228E+00
  -4.1750E-01  1.3561E-01  7.3740E+00
  -4.1740E-01  1.3509E-01  7.4025E+00
  -4.1730E-01  1.3505E-01  7.4049E+00
  -4.1720E-01  1.3549E-01  7.3808E+00
  -4.1710E-01  1.3637E-01  7.3328E+00
  -4.1700E-01  1.3763E-01  7.2658E+00
  -4.1690E-01  1.3916E-01  7.1857E+00
  -4.1680E-01  1.4088E-01  7.0984E+00
  -4.1670E-01  1.4268E-01  7.0088E+00
  -4.1660E-01  1.4449E-01  6.9207E+00
  -4.1650E-01  1.4628E-01  6.8364E+00
  -4.1640E-01  1.4799E-01  6.7574E+00
  -4.1630E-01  1.4960E-01  6.6843E+00
  -4.1620E-01  1.5112E-01  6.6173E+00
  -4.1610E-01  1.5252E-01  6.5566E+00
  -4.1600E-01  1.5379E-01  6.5024E+00
  -4.1590E-01  1.5492E-01  6.4551E+00
  -4.1580E-01  1.5588E-01  6.4153E+00
  -4.1570E-01  1.5665E-01  6.3838E+00
  -4.1560E-01  1.5720E-01  6.3614E+00
  -4.1550E-01  1.5752E-01  6.3486E+00
  -4.1540E-01  1.5758E-01  6.3458E+00
  -4.1530E-01  1.5740E-01  6.3531E+00
  -4.1520E-01  1.5699E-01  6.3700E+00
  -4.1510E-01  1.5635E-01  6.3958E+00
  -4.1500E-01  1.5554E-01  6.4292E+00
  -4.1490E-01  1.5459E-01  6.4686E+00
  -4.1480E-01  1.5356E-01  6.5122E+00
  -4.1470E-01  1.5248E-01  6.5581E+00
  -4.1460E-01  1.5142E-01  6.6044E+00
  -4.1450E-01  1.5038E-01  6.6497E+00
  -4.1440E-01  1.4941E-01  6.6932E+00
  -4.1430E-01  1.4848E-01  6.7350E+00
  -4.1420E-01  1.4758E-01  6.7759E+00
  -4.1410E-01  1.4668E-01  6.8177E+00
  -4.1400E-01  1.4571E-01  6.8628E+00
  -4.1390E-01  1.4464E-01  6.9139E+00
  -4.1380E-01  1.4339E-01  6.9739E+00
  -4.1370E-01  1.4194E-01  7.0450E+00
  -4.1360E-01  1.4028E-01  7.1287E+00
  -4.1350E-01  1.3842E-01  7.2246E+00
  -4.1340E-01  1.3641E-01  7.3307E+00
  -4.1330E-01  1.3436E-01  7.4427E+00
  -4.1320E-01  1.3238E-01  7.5540E+00
  -4.1310E-01  1.3061E-01  7.6564E+00
  -4.1300E-01  1.2919E-01  7.7407E+00
  -4.1290E-01  1.2823E-01  7.7983E+00
  -4.1280E-01  1.2784E-01  7.8226E+00
  -4.1270E-01  1.2804E-01  7.8101E+00
  -4.1260E-01  1.2884E-01  7.7614E+00
  -4.1250E-01  1.3019E-01  7.6811E+00
  -4.1240E-01  1.3200E-01  7.5759E+00
  -4.1230E-01  1.3416E-01  7.4540E+00
  -4.1220E-01  1.3656E-01  7.3230E+00
  -4.1210E-01  1.3909E-01  7.1895E+00
  -4.1200E-01  1.4168E-01  7.0581E+00
  -4.1190E-01  1.4426E-01  6.9319E+00
  -4.1180E-01  1.4679E-01  6.8126E+00
  -4.1170E-01  1.4923E-01  6.7012E+00
  -4.1160E-01  1.5156E-01  6.5982E+00
  -4.1150E-01  1.5375E-01  6.5039E+00
  -4.1140E-01  1.5579E-01  6.4187E+00
  -4.1130E-01  1.5765E-01  6.3432E+00
  -4.1120E-01  1.5928E-01  6.2781E+00
  -4.1110E-01  1.6067E-01  6.2240E+00
  -4.1100E-01  1.6177E-01  6.1817E+00
  -4.1090E-01  1.6256E-01  6.1515E+00
  -4.1080E-01  1.6304E-01  6.1335E+00
  -4.1070E-01  1.6320E-01  6.1275E+00
  -4.1060E-01  1.6305E-01  6.1330E+00
  -4.1050E-01  1.6263E-01  6.1489E+00
  -4.1040E-01  1.6196E-01  6.1743E+00
  -4.1030E-01  1.6110E-01  6.2075E+00
  -4.1020E-01  1.6007E-01  6.2472E+00
  -4.1010E-01  1.5894E-01  6.2918E+00
  -4.1000E-01  1.5772E-01  6.3402E+00
  -4.0918E-01  1.4480E-01  6.9060E+00
  -4.0836E-01  1.2386E-01  8.0734E+00
  -4.0754E-01  1.3019E-01  7.6810E+00
  -4.0672E-01  1.5656E-01  6.3874E+00
  -4.0590E-01  1.6873E-01  5.9267E+00
  -4.0508E-01  1.6222E-01  6.1646E+00
  -4.0426E-01  1.4291E-01  6.9974E+00
  -4.0344E-01  1.1733E-01  8.5232E+00
  -4.0262E-01  1.2818E-01  7.8018E+00
  -4.0180E-01  1.6113E-01  6.2062E+00
  -4.0098E-01  1.7436E-01  5.7352E+00
  -4.0016E-01  1.6888E-01  5.9215E+00
  -3.9934E-01  1.4565E-01  6.8659E+00
  -3.9852E-01  1.1413E-01  8.7622E+00
  -3.9770E-01  1.2236E-01  8.1729E+00
  -3.9688E-01  1.6191E-01  6.1761E+00
  -3.9606E-01  1.8005E-01  5.5541E+00
  -3.9524E-01  1.7774E-01  5.6263E+00
  -3.9442E-01  1.5579E-01  6.4190E+00
  -3.9360E-01  1.1770E-01  8.4965E+00
  -3.9278E-01  1.1158E-01  8.9619E+00
  -3.9196E-01  1.5595E-01  6.4123E+00
  -3.9114E-01  1.8370E-01  5.4436E+00
  -3.9032E-01  1.8793E-01  5.3212E+00
  -3.8950E-01  1.7233E-01  5.8028E+00
  -3.8868E-01  1.3451E-01  7.4345E+00
  -3.8786E-01  1.0176E-01  9.8268E+00
  -3.8704E-01  1.3897E-01  7.1956E+00
  -3.8622E-01  1.8084E-01  5.5299E+00
  -3.8540E-01  1.9629E-01  5.0946E+00
  -3.8458E-01  1.9119E-01  5.2303E+00
  -3.8376E-01  1.6341E-01  6.1194E+00
  -3.8294E-01  1.1617E-01  8.6084E+00
  -3.8212E-01  1.1000E-01  9.0910E+00
  -3.8130E-01  1.6401E-01  6.0974E+00
  -3.8048E-01  1.9678E-01  5.0818E+00
  -3.7966E-01  2.0628E-01  4.8478E+00
  -3.7884E-01  1.9398E-01  5.1551E+00
  -3.7802E-01  1.5951E-01  6.2691E+00
  -3.7720E-01  1.0704E-01  9.3421E+00
  -3.7638E-01  1.2498E-01  8.0014E+00
  -3.7556E-01  1.7932E-01  5.5766E+00
  -3.7474E-01  2.0961E-01  4.7708E+00
  -3.7392E-01  2.1572E-01  4.6356E+00
  -3.7310E-01  2.0234E-01  4.9423E+00
  -3.7228E-01  1.6456E-01  6.0768E+00
  -3.7146E-01  1.1031E-01  9.0652E+00
  -3.7064E-01  1.3058E-01  7.6580E+00
  -3.6982E-01  1.8843E-01  5.3071E+00
  -3.6900E-01  2.1921E-01  4.5619E+00
  -3.6818E-01  2.2756E-01  4.3945E+00
  -3.6736E-01  2.1675E-01  4.6137E+00
  -3.6654E-01  1.8278E-01  5.4711E+00
  -3.6572E-01  1.2609E-01  7.9308E+00
  -3.6490E-01  1.2724E-01  7.8592E+00
  -3.6408E-01  1.8813E-01  5.3153E+00
  -3.6326E-01  2.2596E-01  4.4255E+00
  -3.6244E-01  2.3999E-01  4.1668E+00
  -3.6162E-01  2.3582E-01  4.2405E+00
  -3.6080E-01  2.1235E-01  4.7091E+00
  -3.5998E-01  1.6171E-01  6.1837E+00
  -3.5916E-01  1.2335E-01  8.1070E+00
  -3.5834E-01  1.7545E-01  5.6996E+00
  -3.5752E-01  2.2579E-01  4.4289E+00
  -3.5670E-01  2.4972E-01  4.0044E+00
  -3.5588E-01  2.5537E-01  3.9159E+00
  -3.5506E-01  2.4469E-01  4.0868E+00
  -3.5424E-01  2.1361E-01  4.6815E+00
  -3.5342E-01  1.5804E-01  6.3274E+00
  -3.5260E-01  1.5137E-01  6.6065E+00
  -3.5178E-01  2.1161E-01  4.7257E+00
  -3.5096E-01  2.5170E-01  3.9730E+00
  -3.5014E-01  2.6942E-01  3.7117E+00
  -3.4932E-01  2.7220E-01  3.6738E+00
  -3.4850E-01  2.6072E-01  3.8355E+00
  -3.4768E-01  2.2989E-01  4.3498E+00
  -3.4686E-01  1.7862E-01  5.5986E+00
  -3.4604E-01  1.8067E-01  5.5351E+00
  -3.4522E-01  2.3750E-01  4.2105E+00
  -3.4440E-01  2.7286E-01  3.6649E+00
  -3.4358E-01  2.8911E-01  3.4589E+00
  -3.4276E-01  2.9281E-01  3.4152E+00
  -3.4194E-01  2.8568E-01  3.5004E+00
  -3.4112E-01  2.6334E-01  3.7973E+00
  -3.4030E-01  2.2261E-01  4.4922E+00
  -3.3948E-01  2.1100E-01  4.7394E+00
  -3.3866E-01  2.5927E-01  3.8570E+00
  -3.3784E-01  2.9296E-01  3.4135E+00
  -3.3702E-01  3.0991E-01  3.2267E+00
  -3.3620E-01  3.1621E-01  3.1624E+00
  -3.3538E-01  3.1579E-01  3.1666E+00
  -3.3456E-01  3.0625E-01  3.2653E+00
  -3.3374E-01  2.8611E-01  3.4951E+00
  -3.3292E-01  2.6387E-01  3.7897E+00
  -3.3210E-01  2.8844E-01  3.4669E+00
  -3.3128E-01  3.1730E-01  3.1516E+00
  -3.3046E-01  3.3342E-01  2.9992E+00
  -3.2964E-01  3.4095E-01  2.9330E+00
  -3.2882E-01  3.4553E-01  2.8941E+00
  -3.2800E-01  3.4633E-01  2.8874E+00
  -3.2718E-01  3.4641E-01  2.8867E+00
  -3.2636E-01  3.4618E-01  2.8886E+00
  -3.2554E-01  3.5858E-01  2.7887E+00
  -3.2472E-01  3.6715E-01  2.7237E+00
  -3.2390E-01  3.6985E-01  2.7038E+00
  -3.2308E-01  3.7080E-01  2.6969E+00
  -3.2226E-01  3.7413E-01  2.6729E+00
  -3.2144E-01  3.7837E-01  2.6429E+00
  -3.2062E-01  3.8600E-01  2.5907E+00
  -3.1980E-01  4.0141E-01  2.4912E+00
  -3.1898E-01  4.4185E-01  2.2632E+00
  -3.1816E-01  5.0028E-01  1.9989E+00
  -3.1734E-01  4.7159E-01  2.1205E+00
  -3.1652E-01  4.3056E-01  2.3226E+00
  -3.1570E-01  4.1343E-01  2.4188E+00
  -3.1488E-01  4.0926E-01  2.4434E+00
  -3.1406E-01  4.1260E-01  2.4236E+00
  -3.1324E-01  4.2446E-01  2.3559E+00
  -3.1242E-01  4.5160E-01  2.2144E+00
  -3.1160E-01  5.2432E-01  1.9072E+00
  -3.1078E-01  6.8056E-01  1.4694E+00
  -3.0996E-01  6.5555E-01  1.5254E+00
  -3.0914E-01  5.2215E-01  1.9152E+00
  -3.0832E-01  4.6711E-01  2.1408E+00
  -3.0750E-01  4.4632E-01  2.2405E+00
  -3.0668E-01  4.4307E-01  2.2570E+00
  -3.0586E-01  4.5104E-01  2.2171E+00
  -3.0504E-01  4.7622E-01  2.0999E+00
  -3.0422E-01  5.3779E-01  1.8595E+00
  -3.0340E-01  7.1223E-01  1.4040E+00
  -3.0258E-01  9.5892E-01  1.0428E+00
  -3.0176E-01  7.0455E-01  1.4193E+00
  -3.0094E-01  5.4572E-01  1.8324E+00
  -3.0012E-01  4.8899E-01  2.0450E+00
  -2.9930E-01  4.6772E-01  2.1380E+00
  -2.9848E-01  4.6423E-01  2.1541E+00
  -2.9766E-01  4.7461E-01  2.1070E+00
  -2.9684E-01  5.0477E-01  1.9811E+00
  -2.9602E-01  5.8144E-01  1.7199E+00
  -2.9520E-01  7.9104E-01  1.2642E+00
  -2.9438E-01  1.0459E+00  9.5612E-01
  -2.9356E-01  7.2249E-01  1.3841E+00
  -2.9274E-01  5.5688E-01  1.7957E+00
  -2.9192E-01  4.9625E-01  2.0151E+00
  -2.9110E-01  4.7291E-01  2.1146E+00
  -2.9028E-01  4.6550E-01  2.1482E+00
  -2.8946E-01  4.7043E-01  2.1257E+00
  -2.8864E-01  4.8864E-01  2.0465E+00
  -2.8782E-01  5.3452E-01  1.8708E+00
  -2.8700E-01  6.4651E-01  1.5468E+00
  -2.8618E-01  8.6700E-01  1.1534E+00
  -2.8536E-01  7.5816E-01  1.3190E+00
  -2.8454E-01  5.7218E-01  1.7477E+00
  -2.8372E-01  4.9763E-01  2.0095E+00
  -2.8290E-01  4.6821E-01  2.1358E+00
  -2.8208E-01  4.5564E-01  2.1947E+00
  -2.8126E-01  4.5224E-01  2.2112E+00
  -2.8044E-01  4.5578E-01  2.1940E+00
  -2.7962E-01  4.6805E-01  2.1365E+00
  -2.7880E-01  4.9665E-01  2.0135E+00
  -2.7798E-01  5.5873E-01  1.7898E+00
  -2.7716E-01  6.5161E-01  1.5347E+00
  -2.7634E-01  6.0092E-01  1.6641E+00
  -2.7552E-01  5.0761E-01  1.9700E+00
  -2.7470E-01  4.6444E-01  2.1532E+00
  -2.7388E-01  4.4682E-01  2.2380E+00
  -2.7306E-01  4.3844E-01  2.2808E+00
  -2.7224E-01  4.3526E-01  2.2975E+00
  -2.7142E-01  4.3451E-01  2.3014E+00
  -2.7060E-01  4.3702E-01  2.2882E+00
  -2.6978E-01  4.4249E-01  2.2599E+00
  -2.6896E-01  4.5468E-01  2.1994E+00
  -2.6814E-01  4.7331E-01  2.1128E+00
  -2.6732E-01  4.8191E-01  2.0751E+00
  -2.6650E-01  4.5511E-01  2.1973E+00
  -2.6568E-01  4.3567E-01  2.2953E+00
  -2.6486E-01  4.2722E-01  2.3407E+00
  -2.6404E-01  4.2401E-01  2.3584E+00
  -2.6322E-01  4.2234E-01  2.3677E+00
  -2.6240E-01  4.2130E-01  2.3736E+00
  -2.6158E-01  4.2027E-01  2.3794E+00
  -2.6076E-01  4.1877E-01  2.3879E+00
  -2.5994E-01  4.1625E-01  2.4024E+00
  -2.5912E-01  4.1052E-01  2.4360E+00
  -2.5830E-01  3.9849E-01  2.5095E+00
  -2.5748E-01  3.7828E-01  2.6435E+00
  -2.5666E-01  3.7526E-01  2.6648E+00
  -2.5584E-01  3.8915E-01  2.5697E+00
  -2.5502E-01  4.0178E-01  2.4889E+00
  -2.5420E-01  4.0853E-01  2.4478E+00
  -2.5338E-01  4.1266E-01  2.4233E+00
  -2.5256E-01  4.1429E-01  2.4138E+00
  -2.5174E-01  4.1476E-01  2.4110E+00
  -2.5092E-01  4.1329E-01  2.4196E+00
  -2.5010E-01  4.1015E-01  2.4381E+00
  -2.4928E-01  4.0307E-01  2.4809E+00
  -2.4846E-01  3.8995E-01  2.5645E+00
  -2.4764E-01  3.6380E-01  2.7488E+00
  -2.4682E-01  3.2961E-01  3.0339E+00
  -2.4600E-01  3.2615E-01  3.0661E+00
  -2.4518E-01  3.5942E-01  2.7822E+00
  -2.4436E-01  3.8615E-01  2.5897E+00
  -2.4354E-01  4.0178E-01  2.4889E+00
  -2.4272E-01  4.1027E-01  2.4374E+00
  -2.4190E-01  4.1504E-01  2.4094E+00
  -2.4108E-01  4.1722E-01  2.3968E+00
  -2.4026E-01  4.1754E-01  2.3950E+00
  -2.3944E-01  4.1580E-01  2.4050E+00
  -2.3862E-01  4.1147E-01  2.4303E+00
  -2.3780E-01  4.0277E-01  2.4828E+00
  -2.3698E-01  3.8627E-01  2.5888E+00
  -2.3616E-01  3.5714E-01  2.8000E+00
  -2.3534E-01  3.2429E-01  3.0837E+00
  -2.3452E-01  3.3177E-01  3.0141E+00
  -2.3370E-01  3.6879E-01  2.7116E+00
  -2.3288E-01  3.9713E-01  2.5181E+00
  -2.3206E-01  4.1300E-01  2.4213E+00
  -2.3124E-01  4.2230E-01  2.3680E+00
  -2.3042E-01  4.2760E-01  2.3386E+00
  -2.2960E-01  4.3090E-01  2.3207E+00
  -2.2878E-01  4.3249E-01  2.3122E+00
  -2.2796E-01  4.3304E-01  2.3092E+00
  -2.2714E-01  4.3209E-01  2.3144E+00
  -2.2632E-01  4.2976E-01  2.3269E+00
  -2.2550E-01  4.2452E-01  2.3556E+00
  -2.2468E-01  4.1570E-01  2.4056E+00
  -2.2386E-01  4.0181E-01  2.4887E+00
  -2.2304E-01  3.9688E-01  2.5196E+00
  -2.2222E-01  4.1318E-01  2.4203E+00
  -2.2140E-01  4.3338E-01  2.3075E+00
  -2.2058E-01  4.4445E-01  2.2500E+00
  -2.1976E-01  4.5109E-01  2.2168E+00
  -2.1894E-01  4.5492E-01  2.1982E+00
  -2.1812E-01  4.5809E-01  2.1830E+00
  -2.1730E-01  4.6057E-01  2.1712E+00
  -2.1648E-01  4.6337E-01  2.1581E+00
  -2.1566E-01  4.6635E-01  2.1443E+00
  -2.1484E-01  4.7068E-01  2.1246E+00
  -2.1402E-01  4.7690E-01  2.0969E+00
  -2.1320E-01  4.8820E-01  2.0483E+00
  -2.1238E-01  5.0930E-01  1.9635E+00
  -2.1156E-01  5.5408E-01  1.8048E+00
  -2.1074E-01  6.2816E-01  1.5920E+00
  -2.0992E-01  6.5952E-01  1.5163E+00
  -2.0910E-01  6.0526E-01  1.6522E+00
  -2.0828E-01  5.5826E-01  1.7913E+00
  -2.0746E-01  5.3218E-01  1.8791E+00
  -2.0664E-01  5.1910E-01  1.9264E+00
  -2.0582E-01  5.1264E-01  1.9507E+00
  -2.0500E-01  5.1058E-01  1.9586E+00
  -2.0418E-01  5.1148E-01  1.9551E+00
  -2.0336E-01  5.1545E-01  1.9401E+00
  -2.0254E-01  5.2287E-01  1.9125E+00
  -2.0172E-01  5.3577E-01  1.8665E+00
  -2.0090E-01  5.5783E-01  1.7927E+00
  -2.0008E-01  5.9858E-01  1.6706E+00
  -1.9926E-01  6.8119E-01  1.4680E+00
  -1.9844E-01  8.7442E-01  1.1436E+00
  -1.9762E-01  1.3337E+00  7.4977E-01
  -1.9680E-01  1.4320E+00  6.9834E-01
  -1.9598E-01  9.5996E-01  1.0417E+00
  -1.9516E-01  7.4128E-01  1.3490E+00
  -1.9434E-01  6.4782E-01  1.5436E+00
  -1.9352E-01  6.0201E-01  1.6611E+00
  -1.9270E-01  5.7860E-01  1.7283E+00
  -1.9188E-01  5.6648E-01  1.7653E+00
  -1.9106E-01  5.6204E-01  1.7792E+00
  -1.9024E-01  5.6302E-01  1.7761E+00
  -1.8942E-01  5.6996E-01  1.7545E+00
  -1.8860E-01  5.8374E-01  1.7131E+00
  -1.8778E-01  6.0893E-01  1.6422E+00
  -1.8696E-01  6.5384E-01  1.5294E+00
  -1.8614E-01  7.4249E-01  1.3468E+00
  -1.8532E-01  9.4020E-01  1.0636E+00
  -1.8450E-01  1.4764E+00  6.7730E-01
  -1.8368E-01  2.0577E+00  4.8597E-01
  -1.8286E-01  1.2016E+00  8.3222E-01
  -1.8204E-01  8.2658E-01  1.2098E+00
  -1.8122E-01  6.8152E-01  1.4673E+00
  -1.8040E-01  6.1527E-01  1.6253E+00
  -1.7958E-01  5.8044E-01  1.7228E+00
  -1.7876E-01  5.6115E-01  1.7820E+00
  -1.7794E-01  5.4975E-01  1.8190E+00
  -1.7712E-01  5.4359E-01  1.8396E+00
  -1.7630E-01  5.4058E-01  1.8499E+00
  -1.7548E-01  5.4054E-01  1.8500E+00
  -1.7466E-01  5.4287E-01  1.8421E+00
  -1.7384E-01  5.4842E-01  1.8234E+00
  -1.7302E-01  5.5792E-01  1.7924E+00
  -1.7220E-01  5.7391E-01  1.7424E+00
  -1.7138E-01  6.0067E-01  1.6648E+00
  -1.7056E-01  6.4322E-01  1.5547E+00
  -1.6974E-01  6.9260E-01  1.4438E+00
  -1.6892E-01  6.7851E-01  1.4738E+00
  -1.6810E-01  6.0323E-01  1.6577E+00
  -1.6728E-01  5.4703E-01  1.8281E+00
  -1.6646E-01  5.2010E-01  1.9227E+00
  -1.6564E-01  5.0706E-01  1.9721E+00
  -1.6482E-01  5.0056E-01  1.9978E+00
  -1.6400E-01  4.9703E-01  2.0119E+00
  -1.6318E-01  4.9472E-01  2.0213E+00
  -1.6236E-01  4.9318E-01  2.0276E+00
  -1.6154E-01  4.9157E-01  2.0343E+00
  -1.6072E-01  4.8997E-01  2.0409E+00
  -1.5990E-01  4.8774E-01  2.0503E+00
  -1.5908E-01  4.8478E-01  2.0628E+00
  -1.5826E-01  4.8050E-01  2.0812E+00
  -1.5744E-01  4.7398E-01  2.1098E+00
  -1.5662E-01  4.6423E-01  2.1541E+00
  -1.5580E-01  4.4838E-01  2.2302E+00
  -1.5498E-01  4.2323E-01  2.3628E+00
  -1.5416E-01  3.8245E-01  2.6147E+00
  -1.5334E-01  3.2327E-01  3.0934E+00
  -1.5252E-01  2.6483E-01  3.7760E+00
  -1.5170E-01  2.5892E-01  3.8621E+00
  -1.5088E-01  3.0764E-01  3.2505E+00
  -1.5006E-01  3.5978E-01  2.7795E+00
  -1.4924E-01  3.9862E-01  2.5087E+00
  -1.4842E-01  4.2455E-01  2.3554E+00
  -1.4760E-01  4.4196E-01  2.2627E+00
  -1.4678E-01  4.5392E-01  2.2030E+00
  -1.4596E-01  4.6198E-01  2.1646E+00
  -1.4514E-01  4.6767E-01  2.1383E+00
  -1.4432E-01  4.7134E-01  2.1216E+00
  -1.4350E-01  4.7349E-01  2.1120E+00
  -1.4268E-01  4.7438E-01  2.1080E+00
  -1.4186E-01  4.7379E-01  2.1106E+00
  -1.4104E-01  4.7188E-01  2.1192E+00
  -1.4022E-01  4.6818E-01  2.1359E+00
  -1.3940E-01  4.6216E-01  2.1637E+00
  -1.3858E-01  4.5320E-01  2.2065E+00
  -1.3776E-01  4.3955E-01  2.2751E+00
  -1.3694E-01  4.1930E-01  2.3850E+00
  -1.3612E-01  3.8905E-01  2.5704E+00
  -1.3530E-01  3.4377E-01  2.9089E+00
  -1.3448E-01  2.8094E-01  3.5595E+00
  -1.3366E-01  2.0987E-01  4.7649E+00
  -1.3284E-01  1.8060E-01  5.5370E+00
  -1.3202E-01  2.3212E-01  4.3082E+00
  -1.3120E-01  3.0666E-01  3.2610E+00
  -1.3038E-01  3.6810E-01  2.7167E+00
  -1.2956E-01  4.1154E-01  2.4299E+00
  -1.2874E-01  4.4129E-01  2.2661E+00
  -1.2792E-01  4.6220E-01  2.1636E+00
  -1.2710E-01  4.7700E-01  2.0964E+00
  -1.2628E-01  4.8782E-01  2.0499E+00
  -1.2546E-01  4.9611E-01  2.0157E+00
  -1.2464E-01  5.0243E-01  1.9903E+00
  -1.2382E-01  5.0739E-01  1.9709E+00
  -1.2300E-01  5.1147E-01  1.9551E+00
  -1.2218E-01  5.1468E-01  1.9430E+00
  -1.2136E-01  5.1726E-01  1.9333E+00
  -1.2054E-01  5.1942E-01  1.9252E+00
  -1.1972E-01  5.2101E-01  1.9193E+00
  -1.1890E-01  5.2214E-01  1.9152E+00
  -1.1808E-01  5.2294E-01  1.9123E+00
  -1.1726E-01  5.2314E-01  1.9115E+00
  -1.1644E-01  5.2274E-01  1.9130E+00
  -1.1562E-01  5.2201E-01  1.9157E+00
  -1.1480E-01  5.2071E-01  1.9205E+00
  -1.1398E-01  5.1942E-01  1.9252E+00
  -1.1316E-01  5.2166E-01  1.9170E+00
  -1.1234E-01  5.3380E-01  1.8734E+00
  -1.1152E-01  5.5922E-01  1.7882E+00
  -1.1070E-01  5.8373E-01  1.7131E+00
  -1.0988E-01  5.9386E-01  1.6839E+00
  -1.0906E-01  5.9485E-01  1.6811E+00
  -1.0824E-01  5.9371E-01  1.6843E+00
  -1.0742E-01  5.9277E-01  1.6870E+00
  -1.0660E-01  5.9217E-01  1.6887E+00
  -1.0578E-01  5.9203E-01  1.6891E+00
  -1.0496E-01  5.9251E-01  1.6877E+00
  -1.0414E-01  5.9349E-01  1.6849E+00
  -1.0332E-01  5.9478E-01  1.6813E+00
  -1.0250E-01  5.9640E-01  1.6767E+00
  -1.0168E-01  5.9842E-01  1.6711E+00
  -1.0086E-01  6.0078E-01  1.6645E+00
  -1.0004E-01  6.0340E-01  1.6573E+00
  -9.9220E-02  6.0633E-01  1.6493E+00
  -9.8400E-02  6.0964E-01  1.6403E+00
  -9.7580E-02  6.1333E-01  1.6304E+00
  -9.6760E-02  6.1729E-01  1.6200E+00
  -9.5940E-02  6.2147E-01  1.6091E+00
  -9.5120E-02  6.2578E-01  1.5980E+00
  -9.4300E-02  6.2984E-01  1.5877E+00
  -9.3480E-02  6.3248E-01  1.5811E+00
  -9.2660E-02  6.3098E-01  1.5848E+00
  -9.1840E-02  6.1929E-01  1.6148E+00
  -9.1020E-02  5.8544E-01  1.7081E+00
  -9.0200E-02  5.1646E-01  1.9362E+00
  -8.9380E-02  4.3134E-01  2.3184E+00
  -8.8560E-02  3.8938E-01  2.5682E+00
  -8.7740E-02  4.0035E-01  2.4978E+00
  -8.6920E-02  4.2911E-01  2.3304E+00
  -8.6100E-02  4.5664E-01  2.1899E+00
  -8.5280E-02  4.7901E-01  2.0877E+00
  -8.4460E-02  4.9663E-01  2.0136E+00
  -8.3640E-02  5.1063E-01  1.9584E+00
  -8.2820E-02  5.2198E-01  1.9158E+00
  -8.2000E-02  5.3140E-01  1.8818E+00
  -8.1180E-02  5.3940E-01  1.8539E+00
  -8.0360E-02  5.4632E-01  1.8304E+00
  -7.9540E-02  5.5241E-01  1.8102E+00
  -7.8720E-02  5.5787E-01  1.7925E+00
  -7.7900E-02  5.6282E-01  1.7768E+00
  -7.7080E-02  5.6737E-01  1.7625E+00
  -7.6260E-02  5.7159E-01  1.7495E+00
  -7.5440E-02  5.7555E-01  1.7375E+00
  -7.4620E-02  5.7928E-01  1.7263E+00
  -7.3800E-02  5.8284E-01  1.7157E+00
  -7.2980E-02  5.8625E-01  1.7057E+00
  -7.2160E-02  5.8954E-01  1.6962E+00
  -7.1340E-02  5.9273E-01  1.6871E+00
  -7.0520E-02  5.9583E-01  1.6783E+00
  -6.9700E-02  5.9886E-01  1.6698E+00
  -6.8880E-02  6.0183E-01  1.6616E+00
  -6.8060E-02  6.0475E-01  1.6536E+00
  -6.7240E-02  6.0764E-01  1.6457E+00
  -6.6420E-02  6.1049E-01  1.6380E+00
  -6.5600E-02  6.1331E-01  1.6305E+00
  -6.4780E-02  6.1611E-01  1.6231E+00
  -6.3960E-02  6.1890E-01  1.6158E+00
  -6.3140E-02  6.2168E-01  1.6086E+00
  -6.2320E-02  6.2444E-01  1.6014E+00
  -6.1500E-02  6.2720E-01  1.5944E+00
  -6.0680E-02  6.2996E-01  1.5874E+00
  -5.9860E-02  6.3270E-01  1.5805E+00
  -5.9040E-02  6.3544E-01  1.5737E+00
  -5.8220E-02  6.3817E-01  1.5670E+00
  -5.7400E-02  6.4088E-01  1.5604E+00
  -5.6580E-02  6.4356E-01  1.5539E+00
  -5.5760E-02  6.4620E-01  1.5475E+00
  -5.4940E-02  6.4878E-01  1.5414E+00
  -5.4120E-02  6.5127E-01  1.5355E+00
  -5.3300E-02  6.5364E-01  1.5299E+00
  -5.2480E-02  6.5585E-01  1.5247E+00
  -5.1660E-02  6.5786E-01  1.5201E+00
  -5.0840E-02  6.5958E-01  1.5161E+00
  -5.0020E-02  6.6095E-01  1.5130E+00
  -4.9200E-02  6.6189E-01  1.5108E+00
  -4.8380E-02  6.6227E-01  1.5100E+00
  -4.7560E-02  6.6200E-01  1.5106E+00
  -4.6740E-02  6.6094E-01  1.5130E+00
  -4.5920E-02  6.5897E-01  1.5175E+00
  -4.5100E-02  6.5595E-01  1.5245E+00
  -4.4280E-02  6.5177E-01  1.5343E+00
  -4.3460E-02  6.4631E-01  1.5473E+00
  -4.2640E-02  6.3949E-01  1.5638E+00
  -4.1820E-02  6.3127E-01  1.5841E+00
  -4.1000E-02  6.2163E-01  1.6087E+00
  -4.0180E-02  6.1063E-01  1.6377E+00
  -3.9360E-02  5.9834E-01  1.6713E+00
  -3.8540E-02  5.8489E-01  1.7097E+00
  -3.7720E-02  5.7044E-01  1.7530E+00
  -3.6900E-02  5.5518E-01  1.8012E+00
  -3.6080E-02  5.3930E-01  1.8542E+00
  -3.5260E-02  5.2302E-01  1.9120E+00
  -3.4440E-02  5.0652E-01  1.9742E+00
  -3.3620E-02  4.9000E-01  2.0408E+00
  -3.2800E-02  4.7360E-01  2.1115E+00
  -3.1980E-02  4.5746E-01  2.1860E+00
  -3.1160E-02  4.4170E-01  2.2640E+00
  -3.0340E-02  4.2640E-01  2.3452E+00
  -2.9520E-02  4.1162E-01  2.4294E+00
  -2.8700E-02  3.9741E-01  2.5163E+00
  -2.7880E-02  3.8380E-01  2.6055E+00
  -2.7060E-02  3.7080E-01  2.6969E+00
  -2.6240E-02  3.5841E-01  2.7901E+00
  -2.5420E-02  3.4662E-01  2.8850E+00
  -2.4600E-02  3.3542E-01  2.9813E+00
  -2.3780E-02  3.2480E-01  3.0789E+00
  -2.2960E-02  3.1472E-01  3.1774E+00
  -2.2140E-02  3.0517E-01  3.2769E+00
  -2.1320E-02  2.9612E-01  3.3770E+00
  -2.0500E-02  2.8754E-01  3.4777E+00
  -1.9680E-02  2.7942E-01  3.5789E+00
  -1.8860E-02  2.7172E-01  3.6803E+00
  -1.8040E-02  2.6442E-01  3.7819E+00
  -1.7220E-02  2.5750E-01  3.8835E+00
  -1.6400E-02  2.5093E-01  3.9851E+00
  -1.5580E-02  2.4470E-01  4.0866E+00
  -1.4760E-02  2.3879E-01  4.1878E+00
  -1.3940E-02  2.3317E-01  4.2888E+00
  -1.3120E-02  2.2783E-01  4.3893E+00
  -1.2300E-02  2.2275E-01  4.4894E+00
  -1.1480E-02  2.1792E-01  4.5889E+00
  -1.0660E-02  2.1332E-01  4.6878E+00
  -9.8400E-03  2.0894E-01  4.7860E+00
  -9.0200E-03  2.0477E-01  4.8835E+00
  -8.2000E-03  2.0080E-01  4.9802E+00
  -7.3800E-03  1.9701E-01  5.0760E+00
  -6.5600E-03  1.9339E-01  5.1709E+00
  -5.7400E-03  1.8994E-01  5.2648E+00
  -4.9200E-03  1.8665E-01  5.3576E+00
  -4.1000E-03  1.8351E-01  5.4494E+00
  -3.2800E-03  1.8050E-01  5.5401E+00
  -2.4600E-03  1.7764E-01  5.6295E+00
  -1.6400E-03  1.7489E-01  5.7177E+00
  -8.2000E-04  1.7227E-01  5.8047E+00
   0.0000E+00  1.6977E-01  5.8903E+00
   8.2000E-04  1.6737E-01  5.9746E+00
   1.6400E-03  1.6508E-01  6.0575E+00
   2.4600E-03  1.6289E-01  6.1390E+00
   3.2800E-03  1.6080E-01  6.2189E+00
   4.1000E-03  1.5880E-01  6.2974E+00
   4.9200E-03  1.5688E-01  6.3743E+00
   5.7400E-03  1.5505E-01  6.4497E+00
   6.5600E-03  1.5329E-01  6.5234E+00
   7.3800E-03  1.5162E-01  6.5955E+00
   8.2000E-03  1.5002E-01  6.6660E+00
   9.0200E-03  1.4848E-01  6.7347E+00
   9.8400E-03  1.4702E-01  6.8018E+00
   1.0660E-02  1.4562E-01  6.8671E+00
   1.1480E-02  1.4429E-01  6.9307E+00
   1.2300E-02  1.4301E-01  6.9925E+00
   1.3120E-02  1.4179E-01  7.0525E+00
   1.3940E-02  1.4063E-01  7.1107E+00
   1.4760E-02  1.3953E-01  7.1671E+00
   1.5580E-02  1.3847E-01  7.2217E+00
   1.6400E-02  1.3747E-01  7.2744E+00
   1.7220E-02  1.3651E-01  7.3253E+00
   1.8040E-02  1.3560E-01  7.3744E+00
   1.8860E-02  1.3474E-01  7.4216E+00
   1.9680E-02  1.3392E-01  7.4670E+00
   2.0500E-02  1.3315E-01  7.5105E+00
   2.1320E-02  1.3241E-01  7.5522E+00
   2.2140E-02  1.3172E-01  7.5921E+00
   2.2960E-02  1.3106E-01  7.6302E+00
   2.3780E-02  1.3044E-01  7.6665E+00
   2.4600E-02  1.2985E-01  7.7009E+00
   2.5420E-02  1.2931E-01  7.7336E+00
   2.6240E-02  1.2879E-01  7.7646E+00
   2.7060E-02  1.2831E-01  7.7938E+00
   2.7880E-02  1.2786E-01  7.8213E+00
   2.8700E-02  1.2744E-01  7.8471E+00
   2.9520E-02  1.2705E-01  7.8712E+00
   3.0340E-02  1.2668E-01  7.8937E+00
   3.1160E-02  1.2635E-01  7.9145E+00
   3.1980E-02  1.2604E-01  7.9337E+00
   3.2800E-02  1.2577E-01  7.9513E+00
   3.3620E-02  1.2551E-01  7.9673E+00
   3.4440E-02  1.2529E-01  7.9817E+00
   3.5260E-02  1.2509E-01  7.9945E+00
   3.6080E-02  1.2491E-01  8.0058E+00
   3.6900E-02  1.2476E-01  8.0154E+00
   3.7720E-02  1.2464E-01  8.0234E+00
   3.8540E-02  1.2454E-01  8.0297E+00
   3.9360E-02  1.2447E-01  8.0343E+00
   4.0180E-02  1.2442E-01  8.0372E+00
   4.1000E-02  1.2441E-01  8.0383E+00
   4.1820E-02  1.2442E-01  8.0374E+00
   4.2640E-02  1.2446E-01  8.0347E+00
   4.3460E-02  1.2453E-01  8.0299E+00
   4.4280E-02  1.2464E-01  8.0231E+00
   4.5100E-02  1.2478E-01  8.0142E+00
   4.5920E-02  1.2495E-01  8.0031E+00
   4.6740E-02  1.2516E-01  7.9898E+00
   4.7560E-02  1.2540E-01  7.9743E+00
   4.8380E-02  1.2568E-01  7.9566E+00
   4.9200E-02  1.2600E-01  7.9366E+00
   5.0020E-02  1.2635E-01  7.9146E+00
   5.0840E-02  1.2674E-01  7.8904E+00
   5.1660E-02  1.2716E-01  7.8642E+00
   5.2480E-02  1.2762E-01  7.8360E+00
   5.3300E-02  1.2811E-01  7.8060E+00
   5.4120E-02  1.2863E-01  7.7742E+00
   5.4940E-02  1.2918E-01  7.7409E+00
   5.5760E-02  1.2977E-01  7.7060E+00
   5.6580E-02  1.3038E-01  7.6697E+00
   5.7400E-02  1.3103E-01  7.6321E+00
   5.8220E-02  1.3169E-01  7.5934E+00
   5.9040E-02  1.3239E-01  7.5537E+00
   5.9860E-02  1.3310E-01  7.5130E+00
   6.0680E-02  1.3384E-01  7.4715E+00
   6.1500E-02  1.3460E-01  7.4293E+00
   6.2320E-02  1.3538E-01  7.3865E+00
   6.3140E-02  1.3618E-01  7.3431E+00
   6.3960E-02  1.3700E-01  7.2993E+00
   6.4780E-02  1.3783E-01  7.2551E+00
   6.5600E-02  1.3868E-01  7.2107E+00
   6.6420E-02  1.3955E-01  7.1660E+00
   6.7240E-02  1.4043E-01  7.1211E+00
   6.8060E-02  1.4132E-01  7.0761E+00
   6.8880E-02  1.4222E-01  7.0311E+00
   6.9700E-02  1.4314E-01  6.9861E+00
   7.0520E-02  1.4407E-01  6.9412E+00
   7.1340E-02  1.4500E-01  6.8963E+00
   7.2160E-02  1.4595E-01  6.8516E+00
   7.2980E-02  1.4691E-01  6.8071E+00
   7.3800E-02  1.4787E-01  6.7628E+00
   7.4620E-02  1.4884E-01  6.7188E+00
   7.5440E-02  1.4981E-01  6.6751E+00
   7.6260E-02  1.5079E-01  6.6317E+00
   7.7080E-02  1.5178E-01  6.5886E+00
   7.7900E-02  1.5277E-01  6.5459E+00
   7.8720E-02  1.5376E-01  6.5037E+00
   7.9540E-02  1.5475E-01  6.4618E+00
   8.0360E-02  1.5575E-01  6.4204E+00
   8.1180E-02  1.5675E-01  6.3795E+00
   8.2000E-02  1.5775E-01  6.3391E+00
   8.2820E-02  1.5875E-01  6.2991E+00
   8.3640E-02  1.5975E-01  6.2597E+00
   8.4460E-02  1.6075E-01  6.2208E+00
   8.5280E-02  1.6175E-01  6.1824E+00
   8.6100E-02  1.6274E-01  6.1446E+00
   8.6920E-02  1.6374E-01  6.1073E+00
   8.7740E-02  1.6473E-01  6.0706E+00
   8.8560E-02  1.6571E-01  6.0345E+00
   8.9380E-02  1.6670E-01  5.9989E+00
   9.0200E-02  1.6767E-01  5.9640E+00
   9.1020E-02  1.6865E-01  5.9296E+00
   9.1840E-02  1.6961E-01  5.8958E+00
   9.2660E-02  1.7058E-01  5.8625E+00
   9.3480E-02  1.7153E-01  5.8299E+00
   9.4300E-02  1.7248E-01  5.7978E+00
   9.5120E-02  1.7342E-01  5.7663E+00
   9.5940E-02  1.7436E-01  5.7354E+00
   9.6760E-02  1.7528E-01  5.7050E+00
   9.7580E-02  1.7620E-01  5.6753E+00
   9.8400E-02  1.7712E-01  5.6460E+00
   9.9220E-02  1.7802E-01  5.6174E+00
   1.0004E-01  1.7891E-01  5.5893E+00
   1.0086E-01  1.7980E-01  5.5617E+00
   1.0168E-01  1.8068E-01  5.5347E+00
   1.0250E-01  1.8155E-01  5.5082E+00
   1.0332E-01  1.8241E-01  5.4823E+00
   1.0414E-01  1.8326E-01  5.4568E+00
   1.0496E-01  1.8410E-01  5.4319E+00
   1.0578E-01  1.8493E-01  5.4074E+00
   1.0660E-01  1.8575E-01  5.3835E+00
   1.0742E-01  1.8657E-01  5.3600E+00
   1.0824E-01  1.8737E-01  5.3371E+00
   1.0906E-01  1.8816E-01  5.3146E+00
   1.0988E-01  1.8895E-01  5.2925E+00
   1.1070E-01  1.8972E-01  5.2709E+00
   1.1152E-01  1.9049E-01  5.2497E+00
   1.1234E-01  1.9124E-01  5.2290E+00
   1.1316E-01  1.9199E-01  5.2087E+00
   1.1398E-01  1.9272E-01  5.1888E+00
   1.1480E-01  1.9345E-01  5.1693E+00
   1.1562E-01  1.9416E-01  5.1503E+00
   1.1644E-01  1.9487E-01  5.1316E+00
   1.1726E-01  1.9557E-01  5.1133E+00
   1.1808E-01  1.9626E-01  5.0953E+00
   1.1890E-01  1.9694E-01  5.0778E+00
   1.1972E-01  1.9761E-01  5.0606E+00
   1.2054E-01  1.9827E-01  5.0437E+00
   1.2136E-01  1.9892E-01  5.0272E+00
   1.2218E-01  1.9956E-01  5.0110E+00
   1.2300E-01  2.0019E-01  4.9952E+00
   1.2382E-01  2.0082E-01  4.9796E+00
   1.2464E-01  2.0143E-01  4.9644E+00
   1.2546E-01  2.0204E-01  4.9495E+00
   1.2628E-01  2.0264E-01  4.9348E+00
   1.2710E-01  2.0323E-01  4.9205E+00
   1.2792E-01  2.0382E-01  4.9064E+00
   1.2874E-01  2.0439E-01  4.8925E+00
   1.2956E-01  2.0496E-01  4.8790E+00
   1.3038E-01  2.0552E-01  4.8656E+00
   1.3120E-01  2.0608E-01  4.8525E+00
   1.3202E-01  2.0663E-01  4.8396E+00
   1.3284E-01  2.0717E-01  4.8269E+00
   1.3366E-01  2.0771E-01  4.8145E+00
   1.3448E-01  2.0824E-01  4.8022E+00
   1.3530E-01  2.0876E-01  4.7901E+00
   1.3612E-01  2.0928E-01  4.7782E+00
   1.3694E-01  2.0980E-01  4.7665E+00
   1.3776E-01  2.1030E-01  4.7550E+00
   1.3858E-01  2.1081E-01  4.7437E+00
   1.3940E-01  2.1131E-01  4.7325E+00
   1.4022E-01  2.1180E-01  4.7214E+00
   1.4104E-01  2.1229E-01  4.7106E+00
   1.4186E-01  2.1277E-01  4.6999E+00
   1.4268E-01  2.1325E-01  4.6893E+00
   1.4350E-01  2.1373E-01  4.6789E+00
   1.4432E-01  2.1420E-01  4.6686E+00
   1.4514E-01  2.1466E-01  4.6585E+00
   1.4596E-01  2.1512E-01  4.6485E+00
   1.4678E-01  2.1558E-01  4.6386E+00
   1.4760E-01  2.1603E-01  4.6289E+00
   1.4842E-01  2.1648E-01  4.6193E+00
   1.4924E-01  2.1693E-01  4.6098E+00
   1.5006E-01  2.1737E-01  4.6005E+00
   1.5088E-01  2.1781E-01  4.5913E+00
   1.5170E-01  2.1824E-01  4.5821E+00
   1.5252E-01  2.1867E-01  4.5731E+00
   1.5334E-01  2.1909E-01  4.5642E+00
   1.5416E-01  2.1952E-01  4.5555E+00
   1.5498E-01  2.1994E-01  4.5468E+00
   1.5580E-01  2.2035E-01  4.5382E+00
   1.5662E-01  2.2076E-01  4.5298E+00
   1.5744E-01  2.2117E-01  4.5214E+00
   1.5826E-01  2.2158E-01  4.5131E+00
   1.5908E-01  2.2198E-01  4.5050E+00
   1.5990E-01  2.2238E-01  4.4969E+00
   1.6072E-01  2.2277E-01  4.4889E+00
   1.6154E-01  2.2316E-01  4.4810E+00
   1.6236E-01  2.2355E-01  4.4732E+00
   1.6318E-01  2.2394E-01  4.4655E+00
   1.6400E-01  2.2432E-01  4.4579E+00
   1.6482E-01  2.2470E-01  4.4504E+00
   1.6564E-01  2.2508E-01  4.4429E+00
   1.6646E-01  2.2545E-01  4.4355E+00
   1.6728E-01  2.2582E-01  4.4282E+00
   1.6810E-01  2.2619E-01  4.4210E+00
   1.6892E-01  2.2656E-01  4.4139E+00
   1.6974E-01  2.2692E-01  4.4068E+00
   1.7056E-01  2.2728E-01  4.3998E+00
   1.7138E-01  2.2764E-01  4.3929E+00
   1.7220E-01  2.2799E-01  4.3861E+00
   1.7302E-01  2.2835E-01  4.3793E+00
   1.7384E-01  2.2870E-01  4.3726E+00
   1.7466E-01  2.2904E-01  4.3660E+00
   1.7548E-01  2.2939E-01  4.3594E+00
   1.7630E-01  2.2973E-01  4.3529E+00
   1.7712E-01  2.3007E-01  4.3465E+00
   1.7794E-01  2.3041E-01  4.3402E+00
   1.7876E-01  2.3074E-01  4.3339E+00
   1.7958E-01  2.3107E-01  4.3276E+00
   1.8040E-01  2.3140E-01  4.3215E+00
   1.8122E-01  2.3173E-01  4.3154E+00
   1.8204E-01  2.3205E-01  4.3093E+00
   1.8286E-01  2.3238E-01  4.3034E+00
   1.8368E-01  2.3270E-01  4.2975E+00
   1.8450E-01  2.3301E-01  4.2916E+00
   1.8532E-01  2.3333E-01  4.2858E+00
   1.8614E-01  2.3364E-01  4.2801E+00
   1.8696E-01  2.3395E-01  4.2745E+00
   1.8778E-01  2.3425E-01  4.2689E+00
   1.8860E-01  2.3456E-01  4.2634E+00
   1.8942E-01  2.3486E-01  4.2579E+00
   1.9024E-01  2.3516E-01  4.2525E+00
   1.9106E-01  2.3545E-01  4.2472E+00
   1.9188E-01  2.3574E-01  4.2419E+00
   1.9270E-01  2.3603E-01  4.2367E+00
   1.9352E-01  2.3632E-01  4.2315E+00
   1.9434E-01  2.3661E-01  4.2264E+00
   1.9516E-01  2.3689E-01  4.2214E+00
   1.9598E-01  2.3717E-01  4.2164E+00
   1.9680E-01  2.3744E-01  4.2115E+00
   1.9762E-01  2.3772E-01  4.2067E+00
   1.9844E-01  2.3799E-01  4.2019E+00
   1.9926E-01  2.3826E-01  4.1972E+00
   2.0008E-01  2.3852E-01  4.1925E+00
   2.0090E-01  2.3879E-01  4.1879E+00
   2.0172E-01  2.3905E-01  4.1833E+00
   2.0254E-01  2.3931E-01  4.1787E+00
   2.0336E-01  2.3957E-01  4.1742E+00
   2.0418E-01  2.3982E-01  4.1697E+00
   2.0500E-01  2.4008E-01  4.1653E+00
   2.0582E-01  2.4033E-01  4.1609E+00
   2.0664E-01  2.4059E-01  4.1565E+00
   2.0746E-01  2.4084E-01  4.1521E+00
   2.0828E-01  2.4109E-01  4.1478E+00
   2.0910E-01  2.4134E-01  4.1435E+00
   2.0992E-01  2.4159E-01  4.1392E+00
   2.1074E-01  2.4184E-01  4.1350E+00
   2.1156E-01  2.4209E-01  4.1307E+00
   2.1238E-01  2.4233E-01  4.1265E+00
   2.1320E-01  2.4258E-01  4.1224E+00
   2.1402E-01  2.4282E-01  4.1182E+00
   2.1484E-01  2.4307E-01  4.1141E+00
   2.1566E-01  2.4331E-01  4.1100E+00
   2.1648E-01  2.4355E-01  4.1059E+00
   2.1730E-01  2.4379E-01  4.1018E+00
   2.1812E-01  2.4403E-01  4.0978E+00
   2.1894E-01  2.4427E-01  4.0938E+00
   2.1976E-01  2.4451E-01  4.0898E+00
   2.2058E-01  2.4475E-01  4.0859E+00
   2.2140E-01  2.4498E-01  4.0820E+00
   2.2222E-01  2.4521E-01  4.0781E+00
   2.2304E-01  2.4545E-01  4.0742E+00
   2.2386E-01  2.4568E-01  4.0704E+00
   2.2468E-01  2.4591E-01  4.0666E+00
   2.2550E-01  2.4613E-01  4.0628E+00
   2.2632E-01  2.4636E-01  4.0591E+00
   2.2714E-01  2.4659E-01  4.0554E+00
   2.2796E-01  2.4681E-01  4.0517E+00
   2.2878E-01  2.4703E-01  4.0481E+00
   2.2960E-01  2.4725E-01  4.0444E+00
   2.3042E-01  2.4747E-01  4.0408E+00
   2.3124E-01  2.4769E-01  4.0373E+00
   2.3206E-01  2.4791E-01  4.0338E+00
   2.3288E-01  2.4812E-01  4.0303E+00
   2.3370E-01  2.4834E-01  4.0268E+00
   2.3452E-01  2.4855E-01  4.0234E+00
   2.3534E-01  2.4876E-01  4.0200E+00
   2.3616E-01  2.4897E-01  4.0166E+00
   2.3698E-01  2.4918E-01  4.0132E+00
   2.3780E-01  2.4938E-01  4.0099E+00
   2.3862E-01  2.4959E-01  4.0066E+00
   2.3944E-01  2.4979E-01  4.0034E+00
   2.4026E-01  2.4999E-01  4.0001E+00
   2.4108E-01  2.5019E-01  3.9969E+00
   2.4190E-01  2.5039E-01  3.9938E+00
   2.4272E-01  2.5059E-01  3.9906E+00
   2.4354E-01  2.5078E-01  3.9875E+00
   2.4436E-01  2.5098E-01  3.9844E+00
   2.4518E-01  2.5117E-01  3.9814E+00
   2.4600E-01  2.5136E-01  3.9783E+00
   2.4682E-01  2.5155E-01  3.9753E+00
   2.4764E-01  2.5174E-01  3.9724E+00
   2.4846E-01  2.5193E-01  3.9694E+00
   2.4928E-01  2.5211E-01  3.9665E+00
   2.5010E-01  2.5230E-01  3.9636E+00
   2.5092E-01  2.5248E-01  3.9607E+00
   2.5174E-01  2.5266E-01  3.9579E+00
   2.5256E-01  2.5284E-01  3.9551E+00
   2.5338E-01  2.5302E-01  3.9523E+00
   2.5420E-01  2.5319E-01  3.9496E+00
   2.5502E-01  2.5337E-01  3.9469E+00
   2.5584E-01  2.5354E-01  3.9442E+00
   2.5666E-01  2.5371E-01  3.9415E+00
   2.5748E-01  2.5388E-01  3.9389E+00
   2.5830E-01  2.5405E-01  3.9363E+00
   2.5912E-01  2.5421E-01  3.9337E+00
   2.5994E-01  2.5438E-01  3.9312E+00
   2.6076E-01  2.5454E-01  3.9287E+00
   2.6158E-01  2.5470E-01  3.9262E+00
   2.6240E-01  2.5486E-01  3.9237E+00
   2.6322E-01  2.5502E-01  3.9213E+00
   2.6404E-01  2.5517E-01  3.9189E+00
   2.6486E-01  2.5532E-01  3.9166E+00
   2.6568E-01  2.5548E-01  3.9143E+00
   2.6650E-01  2.5562E-01  3.9120E+00
   2.6732E-01  2.5577E-01  3.9098E+00
   2.6814E-01  2.5592E-01  3.9075E+00
   2.6896E-01  2.5606E-01  3.9054E+00
   2.6978E-01  2.5620E-01  3.9032E+00
   2.7060E-01  2.5634E-01  3.9011E+00
   2.7142E-01  2.5647E-01  3.8991E+00
   2.7224E-01  2.5660E-01  3.8971E+00
   2.7306E-01  2.5674E-01  3.8951E+00
   2.7388E-01  2.5686E-01  3.8931E+00
   2.7470E-01  2.5699E-01  3.8912E+00
   2.7552E-01  2.5712E-01  3.8893E+00
   2.7634E-01  2.5724E-01  3.8875E+00
   2.7716E-01  2.5736E-01  3.8856E+00
   2.7798E-01  2.5748E-01  3.8838E+00
   2.7880E-01  2.5759E-01  3.8821E+00
   2.7962E-01  2.5771E-01  3.8803E+00
   2.8044E-01  2.5782E-01  3.8786E+00
   2.8126E-01  2.5794E-01  3.8769E+00
   2.8208E-01  2.5805E-01  3.8752E+00
   2.8290E-01  2.5816E-01  3.8736E+00
   2.8372E-01  2.5827E-01  3.8719E+00
   2.8454E-01  2.5838E-01  3.8703E+00
   2.8536E-01  2.5849E-01  3.8687E+00
   2.8618E-01  2.5859E-01  3.8671E+00
   2.8700E-01  2.5870E-01  3.8655E+00
   2.8782E-01  2.5880E-01  3.8639E+00
   2.8864E-01  2.5891E-01  3.8624E+00
   2.8946E-01  2.5901E-01  3.8608E+00
   2.9028E-01  2.5911E-01  3.8593E+00
   2.9110E-01  2.5922E-01  3.8578E+00
   2.9192E-01  2.5932E-01  3.8563E+00
   2.9274E-01  2.5942E-01  3.8548E+00
   2.9356E-01  2.5951E-01  3.8533E+00
   2.9438E-01  2.5961E-01  3.8519E+00
   2.9520E-01  2.5971E-01  3.8505E+00
   2.9602E-01  2.5980E-01  3.8491E+00
   2.9684E-01  2.5990E-01  3.8477E+00
   2.9766E-01  2.5999E-01  3.8463E+00
   2.9848E-01  2.6008E-01  3.8450E+00
   2.9930E-01  2.6017E-01  3.8437E+00
   3.0012E-01  2.6026E-01  3.8424E+00
   3.0094E-01  2.6034E-01  3.8411E+00
   3.0176E-01  2.6043E-01  3.8399E+00
   3.0258E-01  2.6051E-01  3.8386E+00
   3.0340E-01  2.6059E-01  3.8374E+00
   3.0422E-01  2.6067E-01  3.8363E+00
   3.0504E-01  2.6075E-01  3.8351E+00
   3.0586E-01  2.6082E-01  3.8340E+00
   3.0668E-01  2.6090E-01  3.8329E+00
   3.0750E-01  2.6097E-01  3.8318E+00
   3.0832E-01  2.6104E-01  3.8308E+00
   3.0914E-01  2.6111E-01  3.8298E+00
   3.0996E-01  2.6118E-01  3.8288E+00
   3.1078E-01  2.6124E-01  3.8278E+00
   3.1160E-01  2.6131E-01  3.8269E+00
   3.1242E-01  2.6137E-01  3.8260E+00
   3.1324E-01  2.6143E-01  3.8251E+00
   3.1406E-01  2.6149E-01  3.8243E+00
   3.1488E-01  2.6154E-01  3.8235E+00
   3.1570E-01  2.6160E-01  3.8227E+00
   3.1652E-01  2.6165E-01  3.8219E+00
   3.1734E-01  2.6170E-01  3.8212E+00
   3.1816E-01  2.6174E-01  3.8205E+00
   3.1898E-01  2.6179E-01  3.8199E+00
   3.1980E-01  2.6183E-01  3.8192E+00
   3.2062E-01  2.6188E-01  3.8186E+00
   3.2144E-01  2.6191E-01  3.8180E+00
   3.2226E-01  2.6195E-01  3.8175E+00
   3.2308E-01  2.6199E-01  3.8170E+00
   3.2390E-01  2.6202E-01  3.8165E+00
   3.2472E-01  2.6205E-01  3.8161E+00
   3.2554E-01  2.6208E-01  3.8157E+00
   3.2636E-01  2.6210E-01  3.8153E+00
   3.2718E-01  2.6213E-01  3.8149E+00
   3.2800E-01  2.6215E-01  3.8146E+00
   3.2882E-01  2.6217E-01  3.8143E+00
   3.2964E-01  2.6219E-01  3.8141E+00
   3.3046E-01  2.6220E-01  3.8139E+00
   3.3128E-01  2.6221E-01  3.8137E+00
   3.3210E-01  2.6222E-01  3.8136E+00
   3.3292E-01  2.6223E-01  3.8135E+00
   3.3374E-01  2.6223E-01  3.8134E+00
   3.3456E-01  2.6224E-01  3.8134E+00
   3.3538E-01  2.6224E-01  3.8134E+00
   3.3620E-01  2.6223E-01  3.8134E+00
   3.3702E-01  2.6223E-01  3.8135E+00
   3.3784E-01  2.6222E-01  3.8136E+00
   3.3866E-01  2.6221E-01  3.8138E+00
   3.3948E-01  2.6219E-01  3.8140E+00
   3.4030E-01  2.6218E-01  3.8142E+00
   3.4112E-01  2.6216E-01  3.8145E+00
   3.4194E-01  2.6213E-01  3.8148E+00
   3.4276E-01  2.6211E-01  3.8152E+00
   3.4358E-01  2.6208E-01  3.8156E+00
   3.4440E-01  2.6205E-01  3.8161E+00
   3.4522E-01  2.6202E-01  3.8166E+00
   3.4604E-01  2.6198E-01  3.8171E+00
   3.4686E-01  2.6194E-01  3.8177E+00
   3.4768E-01  2.6189E-01  3.8184E+00
   3.4850E-01  2.6184E-01  3.8191E+00
   3.4932E-01  2.6179E-01  3.8198E+00
   3.5014E-01  2.6174E-01  3.8206E+00
   3.5096E-01  2.6168E-01  3.8214E+00
   3.5178E-01  2.6162E-01  3.8223E+00
   3.5260E-01  2.6156E-01  3.8233E+00
   3.5342E-01  2.6149E-01  3.8243E+00
   3.5424E-01  2.6142E-01  3.8253E+00
   3.5506E-01  2.6134E-01  3.8265E+00
   3.5588E-01  2.6126E-01  3.8276E+00
   3.5670E-01  2.6118E-01  3.8288E+00
   3.5752E-01  2.6109E-01  3.8301E+00
   3.5834E-01  2.6100E-01  3.8314E+00
   3.5916E-01  2.6090E-01  3.8329E+00
   3.5998E-01  2.6081E-01  3.8342E+00
   3.6080E-01  2.6070E-01  3.8358E+00
   3.6162E-01  2.6060E-01  3.8373E+00
   3.6244E-01  2.6049E-01  3.8390E+00
   3.6326E-01  2.6038E-01  3.8405E+00
   3.6408E-01  2.6026E-01  3.8424E+00
   3.6490E-01  2.6014E-01  3.8440E+00
   3.6572E-01  2.6002E-01  3.8459E+00
   3.6654E-01  2.5988E-01  3.8479E+00
   3.6736E-01  2.5976E-01  3.8497E+00
   3.6818E-01  2.5962E-01  3.8517E+00
   3.6900E-01  2.5948E-01  3.8539E+00
   3.6982E-01  2.5935E-01  3.8558E+00
   3.7064E-01  2.5920E-01  3.8580E+00
   3.7146E-01  2.5904E-01  3.8604E+00
   3.7228E-01  2.5889E-01  3.8626E+00
   3.7310E-01  2.5875E-01  3.8648E+00
   3.7392E-01  2.5858E-01  3.8673E+00
   3.7474E-01  2.5840E-01  3.8699E+00
   3.7556E-01  2.5824E-01  3.8724E+00
   3.7638E-01  2.5808E-01  3.8748E+00
   3.7720E-01  2.5790E-01  3.8775E+00
   3.7802E-01  2.5770E-01  3.8804E+00
   3.7884E-01  2.5751E-01  3.8833E+00
   3.7966E-01  2.5732E-01  3.8862E+00
   3.8048E-01  2.5714E-01  3.8890E+00
   3.8130E-01  2.5694E-01  3.8920E+00
   3.8212E-01  2.5673E-01  3.8952E+00
   3.8294E-01  2.5651E-01  3.8985E+00
   3.8376E-01  2.5629E-01  3.9019E+00
   3.8458E-01  2.5607E-01  3.9052E+00
   3.8540E-01  2.5584E-01  3.9086E+00
   3.8622E-01  2.5562E-01  3.9121E+00
   3.8704E-01  2.5539E-01  3.9157E+00
   3.8786E-01  2.5514E-01  3.9194E+00
   3.8868E-01  2.5489E-01  3.9233E+00
   3.8950E-01  2.5463E-01  3.9273E+00
   3.9032E-01  2.5436E-01  3.9314E+00
   3.9114E-01  2.5409E-01  3.9356E+00
   3.9196E-01  2.5381E-01  3.9399E+00
   3.9278E-01  2.5353E-01  3.9442E+00
   3.9360E-01  2.5325E-01  3.9487E+00
   3.9442E-01  2.5296E-01  3.9532E+00
   3.9524E-01  2.5266E-01  3.9579E+00
   3.9606E-01  2.5236E-01  3.9627E+00
   3.9688E-01  2.5204E-01  3.9676E+00
   3.9770E-01  2.5172E-01  3.9726E+00
   3.9852E-01  2.5140E-01  3.9778E+00
   3.9934E-01  2.5106E-01  3.9831E+00
   4.0016E-01  2.5071E-01  3.9886E+00
   4.0098E-01  2.5036E-01  3.9942E+00
   4.0180E-01  2.5000E-01  4.0000E+00
   4.0262E-01  2.4963E-01  4.0059E+00
   4.0344E-01  2.4926E-01  4.0119E+00
   4.0426E-01  2.4887E-01  4.0182E+00
   4.0508E-01  2.4848E-01  4.0245E+00
   4.0590E-01  2.4807E-01  4.0311E+00
   4.0672E-01  2.4766E-01  4.0378E+00
   4.0754E-01  2.4724E-01  4.0447E+00
   4.0836E-01  2.4681E-01  4.0517E+00
   4.0918E-01  2.4637E-01  4.0589E+00
   4.1000E-01  2.4593E-01  4.0663E+00
   4.1010E-01  2.4587E-01  4.0673E+00
   4.1020E-01  2.4580E-01  4.0683E+00
   4.1030E-01  2.4575E-01  4.0692E+00
   4.1040E-01  2.4569E-01  4.0701E+00
   4.1050E-01  2.4564E-01  4.0709E+00
   4.1060E-01  2.4560E-01  4.0717E+00
   4.1070E-01  2.4554E-01  4.0726E+00
   4.1080E-01  2.4549E-01  4.0735E+00
   4.1090E-01  2.4543E-01  4.0745E+00
   4.1100E-01  2.4537E-01  4.0755E+00
   4.1110E-01  2.4531E-01  4.0765E+00
   4.1120E-01  2.4526E-01  4.0774E+00
   4.1130E-01  2.4521E-01  4.0782E+00
   4.1140E-01  2.4516E-01  4.0790E+00
   4.1150E-01  2.4511E-01  4.0798E+00
   4.1160E-01  2.4506E-01  4.0806E+00
   4.1170E-01  2.4500E-01  4.0816E+00
   4.1180E-01  2.4495E-01  4.0825E+00
   4.1190E-01  2.4489E-01  4.0835E+00
   4.1200E-01  2.4484E-01  4.0843E+00
   4.1210E-01  2.4479E-01  4.0851E+00
   4.1220E-01  2.4475E-01  4.0858E+00
   4.1230E-01  2.4471E-01  4.0865E+00
   4.1240E-01  2.4466E-01  4.0873E+00
   4.1250E-01  2.4461E-01  4.0881E+00
   4.1260E-01  2.4456E-01  4.0889E+00
   4.1270E-01  2.4451E-01  4.0897E+00
   4.1280E-01  2.4447E-01  4.0905E+00
   4.1290E-01  2.4443E-01  4.0911E+00
   4.1300E-01  2.4440E-01  4.0916E+00
   4.1310E-01  2.4437E-01  4.0921E+00
   4.1320E-01  2.4434E-01  4.0926E+00
   4.1330E-01  2.4431E-01  4.0931E+00
   4.1340E-01  2.4428E-01  4.0937E+00
   4.1350E-01  2.4425E-01  4.0942E+00
   4.1360E-01  2.4423E-01  4.0946E+00
   4.1370E-01  2.4421E-01  4.0948E+00
   4.1380E-01  2.4420E-01  4.0950E+00
   4.1390E-01  2.4420E-01  4.0950E+00
   4.1400E-01  2.4420E-01  4.0949E+00
   4.1410E-01  2.4421E-01  4.0949E+00
   4.1420E-01  2.4422E-01  4.0948E+00
   4.1430E-01  2.4423E-01  4.0946E+00
   4.1440E-01  2.4424E-01  4.0943E+00
   4.1450E-01  2.4427E-01  4.0938E+00
   4.1460E-01  2.4432E-01  4.0931E+00
   4.1470E-01  2.4437E-01  4.0921E+00
   4.1480E-01  2.4444E-01  4.0910E+00
   4.1490E-01  2.4451E-01  4.0898E+00
   4.1500E-01  2.4459E-01  4.0885E+00
   4.1510E-01  2.4468E-01  4.0870E+00
   4.1520E-01  2.4478E-01  4.0853E+00
   4.1530E-01  2.4490E-01  4.0834E+00
   4.1540E-01  2.4503E-01  4.0811E+00
   4.1550E-01  2.4519E-01  4.0785E+00
   4.1560E-01  2.4537E-01  4.0755E+00
   4.1570E-01  2.4556E-01  4.0724E+00
   4.1580E-01  2.4577E-01  4.0689E+00
   4.1590E-01  2.4599E-01  4.0652E+00
   4.1600E-01  2.4623E-01  4.0612E+00
   4.1610E-01  2.4650E-01  4.0568E+00
   4.1620E-01  2.4679E-01  4.0520E+00
   4.1630E-01  2.4712E-01  4.0466E+00
   4.1640E-01  2.4747E-01  4.0408E+00
   4.1650E-01  2.4785E-01  4.0346E+00
   4.1660E-01  2.4826E-01  4.0280E+00
   4.1670E-01  2.4870E-01  4.0210E+00
   4.1680E-01  2.4916E-01  4.0135E+00
   4.1690E-01  2.4966E-01  4.0055E+00
   4.1700E-01  2.5019E-01  3.9969E+00
   4.1710E-01  2.5077E-01  3.9876E+00
   4.1720E-01  2.5140E-01  3.9777E+00
   4.1730E-01  2.5208E-01  3.9671E+00
   4.1740E-01  2.5280E-01  3.9557E+00
   4.1750E-01  2.5357E-01  3.9437E+00
   4.1760E-01  2.5440E-01  3.9308E+00
   4.1770E-01  2.5530E-01  3.9169E+00
   4.1780E-01  2.5629E-01  3.9019E+00
   4.1790E-01  2.5737E-01  3.8854E+00
   4.1800E-01  2.5858E-01  3.8672E+00
   4.1810E-01  2.5994E-01  3.8471E+00
   4.1820E-01  2.6146E-01  3.8246E+00
   4.1830E-01  2.6319E-01  3.7995E+00
   4.1840E-01  2.6518E-01  3.7710E+00
   4.1850E-01  2.6748E-01  3.7386E+00
   4.1860E-01  2.7018E-01  3.7012E+00
   4.1870E-01  2.7338E-01  3.6580E+00
   4.1880E-01  2.7719E-01  3.6076E+00
   4.1890E-01  2.8178E-01  3.5489E+00
   4.1900E-01  2.8731E-01  3.4806E+00
   4.1910E-01  2.9399E-01  3.4015E+00
   4.1920E-01  3.0208E-01  3.3104E+00
   4.1930E-01  3.1188E-01  3.2063E+00
   4.1940E-01  3.2376E-01  3.0887E+00
   4.1950E-01  3.3810E-01  2.9577E+00
   4.1960E-01  3.5536E-01  2.8141E+00
   4.1970E-01  3.7600E-01  2.6595E+00
   4.1980E-01  4.0055E-01  2.4966E+00
   4.1990E-01  4.2949E-01  2.3283E+00
   4.2000E-01  4.6333E-01  2.1583E+00
