    0.000E+00   7.507E+00   6.582E-01   6.849E+00   1.419E+00   3.937E+01   0.000E+00   0.000E+00
    1.078E-03   4.177E+00   2.177E-01   3.960E+00   4.714E-01   1.316E+01   5.080E-04   1.418E-02
    2.155E-03   3.220E+00   1.300E-01   3.090E+00   2.825E-01   7.969E+00   6.089E-04   1.718E-02
    3.233E-03   2.736E+00   9.200E-02   2.644E+00   2.006E-01   5.769E+00   6.487E-04   1.865E-02
    4.311E-03   2.422E+00   7.068E-02   2.352E+00   1.546E-01   4.546E+00   6.666E-04   1.960E-02
    5.388E-03   2.219E+00   5.727E-02   2.162E+00   1.257E-01   3.794E+00   6.772E-04   2.044E-02
    6.466E-03   2.077E+00   4.775E-02   2.029E+00   1.051E-01   3.288E+00   6.796E-04   2.126E-02
    7.544E-03   1.964E+00   4.072E-02   1.923E+00   8.987E-02   2.921E+00   6.780E-04   2.203E-02
    8.622E-03   1.878E+00   3.533E-02   1.842E+00   7.818E-02   2.645E+00   6.741E-04   2.280E-02
    9.699E-03   1.818E+00   3.093E-02   1.787E+00   6.864E-02   2.439E+00   6.657E-04   2.366E-02
    1.078E-02   1.773E+00   2.743E-02   1.746E+00   6.101E-02   2.285E+00   6.575E-04   2.462E-02
    1.185E-02   1.728E+00   2.445E-02   1.703E+00   5.452E-02   2.149E+00   6.463E-04   2.547E-02
    1.293E-02   1.710E+00   2.199E-02   1.688E+00   4.916E-02   2.056E+00   6.358E-04   2.659E-02
    1.401E-02   1.689E+00   1.979E-02   1.669E+00   4.434E-02   1.977E+00   6.213E-04   2.770E-02
    1.509E-02   1.671E+00   1.793E-02   1.653E+00   4.029E-02   1.907E+00   6.079E-04   2.878E-02
    1.617E-02   1.664E+00   1.626E-02   1.647E+00   3.662E-02   1.854E+00   5.919E-04   2.998E-02
    1.724E-02   1.665E+00   1.481E-02   1.651E+00   3.342E-02   1.819E+00   5.763E-04   3.137E-02
    1.832E-02   1.653E+00   1.352E-02   1.639E+00   3.058E-02   1.777E+00   5.603E-04   3.256E-02
    1.940E-02   1.660E+00   1.237E-02   1.647E+00   2.804E-02   1.754E+00   5.440E-04   3.402E-02
    2.048E-02   1.664E+00   1.129E-02   1.653E+00   2.566E-02   1.733E+00   5.255E-04   3.549E-02
    2.155E-02   1.662E+00   1.038E-02   1.652E+00   2.364E-02   1.712E+00   5.094E-04   3.690E-02
    2.263E-02   1.667E+00   9.539E-03   1.657E+00   2.177E-02   1.699E+00   4.927E-04   3.845E-02
    2.371E-02   1.674E+00   8.755E-03   1.665E+00   2.002E-02   1.691E+00   4.748E-04   4.008E-02
    2.479E-02   1.674E+00   8.074E-03   1.666E+00   1.851E-02   1.677E+00   4.587E-04   4.157E-02
    2.586E-02   1.684E+00   7.456E-03   1.677E+00   1.713E-02   1.675E+00   4.430E-04   4.332E-02
    2.694E-02   1.691E+00   6.874E-03   1.684E+00   1.582E-02   1.673E+00   4.262E-04   4.508E-02
    2.802E-02   1.690E+00   6.380E-03   1.683E+00   1.471E-02   1.665E+00   4.123E-04   4.666E-02
    2.910E-02   1.692E+00   5.917E-03   1.686E+00   1.367E-02   1.662E+00   3.979E-04   4.837E-02
    3.018E-02   1.695E+00   5.499E-03   1.689E+00   1.273E-02   1.663E+00   3.842E-04   5.019E-02
    3.125E-02   1.696E+00   5.135E-03   1.691E+00   1.192E-02   1.661E+00   3.724E-04   5.192E-02
    3.233E-02   1.688E+00   4.789E-03   1.683E+00   1.113E-02   1.653E+00   3.599E-04   5.344E-02
    3.341E-02   1.692E+00   4.498E-03   1.687E+00   1.048E-02   1.659E+00   3.500E-04   5.542E-02
    3.449E-02   1.676E+00   4.235E-03   1.672E+00   9.884E-03   1.647E+00   3.409E-04   5.680E-02
    3.556E-02   1.675E+00   4.010E-03   1.671E+00   9.375E-03   1.649E+00   3.334E-04   5.863E-02
    3.664E-02   1.671E+00   3.804E-03   1.668E+00   8.909E-03   1.651E+00   3.264E-04   6.051E-02
    3.772E-02   1.650E+00   3.626E-03   1.647E+00   8.509E-03   1.638E+00   3.210E-04   6.177E-02
    3.880E-02   1.636E+00   3.482E-03   1.633E+00   8.184E-03   1.633E+00   3.175E-04   6.335E-02
    3.987E-02   1.626E+00   3.353E-03   1.623E+00   7.896E-03   1.631E+00   3.148E-04   6.503E-02
    4.095E-02   1.605E+00   3.249E-03   1.602E+00   7.663E-03   1.620E+00   3.138E-04   6.634E-02
    4.203E-02   1.584E+00   3.157E-03   1.581E+00   7.461E-03   1.612E+00   3.136E-04   6.775E-02
    4.311E-02   1.561E+00   3.085E-03   1.558E+00   7.301E-03   1.600E+00   3.147E-04   6.896E-02
    4.419E-02   1.534E+00   3.040E-03   1.531E+00   7.209E-03   1.585E+00   3.185E-04   7.004E-02
    4.526E-02   1.506E+00   2.991E-03   1.503E+00   7.102E-03   1.573E+00   3.215E-04   7.118E-02
    4.634E-02   1.483E+00   2.969E-03   1.480E+00   7.062E-03   1.562E+00   3.272E-04   7.239E-02
    4.742E-02   1.446E+00   2.956E-03   1.443E+00   7.045E-03   1.537E+00   3.341E-04   7.290E-02
    4.850E-02   1.418E+00   2.954E-03   1.415E+00   7.050E-03   1.526E+00   3.419E-04   7.401E-02
    4.957E-02   1.385E+00   2.956E-03   1.382E+00   7.066E-03   1.505E+00   3.503E-04   7.462E-02
    5.065E-02   1.350E+00   2.972E-03   1.347E+00   7.118E-03   1.483E+00   3.605E-04   7.510E-02
    5.173E-02   1.316E+00   2.990E-03   1.313E+00   7.173E-03   1.466E+00   3.710E-04   7.583E-02
    5.281E-02   1.274E+00   3.006E-03   1.271E+00   7.225E-03   1.436E+00   3.815E-04   7.582E-02
    5.388E-02   1.241E+00   3.035E-03   1.238E+00   7.305E-03   1.415E+00   3.936E-04   7.626E-02
    5.496E-02   1.196E+00   3.074E-03   1.193E+00   7.412E-03   1.383E+00   4.074E-04   7.603E-02
    5.604E-02   1.161E+00   3.106E-03   1.158E+00   7.503E-03   1.360E+00   4.205E-04   7.624E-02
    5.712E-02   1.122E+00   3.138E-03   1.119E+00   7.593E-03   1.332E+00   4.337E-04   7.606E-02
    5.820E-02   1.081E+00   3.168E-03   1.077E+00   7.679E-03   1.301E+00   4.469E-04   7.574E-02
    5.927E-02   1.045E+00   3.217E-03   1.042E+00   7.810E-03   1.276E+00   4.630E-04   7.562E-02
    6.035E-02   1.001E+00   3.236E-03   9.982E-01   7.871E-03   1.240E+00   4.750E-04   7.482E-02
    6.143E-02   9.651E-01   3.270E-03   9.619E-01   7.967E-03   1.212E+00   4.894E-04   7.446E-02
    6.251E-02   9.273E-01   3.300E-03   9.240E-01   8.055E-03   1.181E+00   5.035E-04   7.380E-02
    6.358E-02   8.871E-01   3.328E-03   8.838E-01   8.138E-03   1.147E+00   5.175E-04   7.295E-02
    6.466E-02   8.502E-01   3.339E-03   8.469E-01   8.178E-03   1.115E+00   5.288E-04   7.209E-02
    6.574E-02   8.145E-01   3.352E-03   8.112E-01   8.226E-03   1.083E+00   5.408E-04   7.123E-02
    6.682E-02   7.784E-01   3.387E-03   7.750E-01   8.324E-03   1.053E+00   5.562E-04   7.037E-02
    6.789E-02   7.414E-01   3.378E-03   7.381E-01   8.319E-03   1.018E+00   5.648E-04   6.914E-02
    6.897E-02   7.111E-01   3.383E-03   7.078E-01   8.346E-03   9.910E-01   5.756E-04   6.835E-02
    7.005E-02   6.758E-01   3.383E-03   6.725E-01   8.361E-03   9.586E-01   5.857E-04   6.715E-02
    7.113E-02   6.449E-01   3.366E-03   6.415E-01   8.333E-03   9.296E-01   5.927E-04   6.612E-02
    7.221E-02   6.136E-01   3.361E-03   6.102E-01   8.335E-03   9.001E-01   6.018E-04   6.500E-02
    7.328E-02   5.828E-01   3.334E-03   5.794E-01   8.282E-03   8.715E-01   6.069E-04   6.386E-02
    7.436E-02   5.568E-01   3.312E-03   5.535E-01   8.242E-03   8.487E-01   6.129E-04   6.311E-02
    7.544E-02   5.269E-01   3.283E-03   5.236E-01   8.184E-03   8.220E-01   6.174E-04   6.201E-02
    7.652E-02   4.983E-01   3.242E-03   4.951E-01   8.096E-03   7.951E-01   6.195E-04   6.084E-02
    7.759E-02   4.746E-01   3.204E-03   4.714E-01   8.016E-03   7.762E-01   6.220E-04   6.023E-02
    7.867E-02   4.462E-01   3.158E-03   4.431E-01   7.916E-03   7.539E-01   6.227E-04   5.931E-02
    7.975E-02   4.237E-01   3.102E-03   4.206E-01   7.788E-03   7.381E-01   6.211E-04   5.887E-02
    8.083E-02   3.981E-01   3.042E-03   3.951E-01   7.651E-03   7.181E-01   6.184E-04   5.804E-02
    8.190E-02   3.745E-01   2.994E-03   3.715E-01   7.544E-03   7.048E-01   6.179E-04   5.772E-02
    8.298E-02   3.523E-01   2.913E-03   3.493E-01   7.353E-03   6.915E-01   6.101E-04   5.738E-02
    8.406E-02   3.273E-01   2.847E-03   3.245E-01   7.198E-03   6.771E-01   6.050E-04   5.692E-02
    8.514E-02   3.064E-01   2.780E-03   3.036E-01   7.040E-03   6.697E-01   5.994E-04   5.702E-02
    8.622E-02   2.867E-01   2.710E-03   2.840E-01   6.876E-03   6.640E-01   5.928E-04   5.725E-02
    8.729E-02   2.621E-01   2.618E-03   2.595E-01   6.655E-03   6.555E-01   5.809E-04   5.722E-02
    8.837E-02   2.424E-01   2.538E-03   2.399E-01   6.462E-03   6.507E-01   5.711E-04   5.750E-02
    8.945E-02   2.233E-01   2.460E-03   2.208E-01   6.276E-03   6.498E-01   5.614E-04   5.813E-02
    9.053E-02   2.026E-01   2.377E-03   2.002E-01   6.073E-03   6.482E-01   5.498E-04   5.868E-02
    9.160E-02   1.847E-01   2.289E-03   1.824E-01   5.859E-03   6.469E-01   5.367E-04   5.926E-02
    9.268E-02   1.654E-01   2.195E-03   1.632E-01   5.628E-03   6.472E-01   5.216E-04   5.999E-02
    9.376E-02   1.483E-01   2.114E-03   1.462E-01   5.429E-03   6.475E-01   5.090E-04   6.071E-02
    9.484E-02   1.330E-01   2.026E-03   1.309E-01   5.213E-03   6.499E-01   4.944E-04   6.163E-02
    9.591E-02   1.154E-01   1.928E-03   1.135E-01   4.970E-03   6.485E-01   4.767E-04   6.220E-02
    9.699E-02   1.022E-01   1.843E-03   1.004E-01   4.758E-03   6.499E-01   4.615E-04   6.303E-02
    9.807E-02   8.865E-02   1.754E-03   8.690E-02   4.537E-03   6.484E-01   4.449E-04   6.359E-02
    9.915E-02   7.587E-02   1.663E-03   7.421E-02   4.306E-03   6.432E-01   4.270E-04   6.377E-02
    1.002E-01   6.608E-02   1.576E-03   6.450E-02   4.088E-03   6.429E-01   4.097E-04   6.443E-02
    1.013E-01   5.518E-02   1.484E-03   5.370E-02   3.855E-03   6.333E-01   3.905E-04   6.416E-02
    1.024E-01   4.717E-02   1.402E-03   4.577E-02   3.647E-03   6.260E-01   3.734E-04   6.409E-02
    1.035E-01   3.977E-02   1.313E-03   3.846E-02   3.420E-03   6.113E-01   3.538E-04   6.325E-02
    1.045E-01   3.324E-02   1.224E-03   3.202E-02   3.194E-03   5.972E-01   3.339E-04   6.243E-02
    1.056E-01   2.825E-02   1.146E-03   2.710E-02   2.994E-03   5.773E-01   3.162E-04   6.097E-02
    1.067E-01   2.388E-02   1.070E-03   2.281E-02   2.798E-03   5.582E-01   2.985E-04   5.955E-02
    1.078E-01   2.040E-02   9.974E-04   1.940E-02   2.610E-03   5.313E-01   2.812E-04   5.725E-02
    1.088E-01   1.773E-02   9.241E-04   1.680E-02   2.420E-03   5.042E-01   2.635E-04   5.489E-02
    1.099E-01   1.549E-02   8.682E-04   1.463E-02   2.276E-03   4.742E-01   2.501E-04   5.213E-02
    1.110E-01   1.377E-02   8.135E-04   1.296E-02   2.134E-03   4.384E-01   2.369E-04   4.866E-02
    1.121E-01   1.256E-02   7.730E-04   1.178E-02   2.030E-03   4.065E-01   2.275E-04   4.556E-02
    1.132E-01   1.153E-02   7.418E-04   1.078E-02   1.950E-03   3.698E-01   2.207E-04   4.185E-02
    1.142E-01   1.060E-02   7.199E-04   9.881E-03   1.895E-03   3.312E-01   2.165E-04   3.784E-02
    1.153E-01   9.916E-03   7.170E-04   9.199E-03   1.892E-03   2.939E-01   2.182E-04   3.389E-02
    1.164E-01   9.301E-03   7.264E-04   8.574E-03   1.922E-03   2.599E-01   2.237E-04   3.025E-02
    1.175E-01   8.670E-03   7.529E-04   7.917E-03   1.998E-03   2.232E-01   2.348E-04   2.621E-02
    1.185E-01   8.077E-03   8.009E-04   7.276E-03   2.133E-03   1.892E-01   2.528E-04   2.243E-02
    1.196E-01   7.505E-03   8.522E-04   6.653E-03   2.278E-03   1.596E-01   2.725E-04   1.910E-02
    1.207E-01   6.861E-03   9.380E-04   5.923E-03   2.517E-03   1.279E-01   3.038E-04   1.543E-02
    1.218E-01   6.295E-03   1.017E-03   5.278E-03   2.740E-03   1.038E-01   3.337E-04   1.264E-02
    1.229E-01   5.737E-03   1.120E-03   4.617E-03   3.030E-03   8.076E-02   3.722E-04   9.922E-03
    1.239E-01   5.233E-03   1.236E-03   3.997E-03   3.353E-03   6.157E-02   4.155E-04   7.630E-03
    1.250E-01   4.737E-03   1.339E-03   3.398E-03   3.643E-03   4.593E-02   4.555E-04   5.742E-03
    1.261E-01   4.224E-03   1.459E-03   2.765E-03   3.983E-03   3.126E-02   5.022E-04   3.942E-03
    1.272E-01   3.870E-03   1.564E-03   2.306E-03   4.282E-03   2.195E-02   5.445E-04   2.791E-03
    1.282E-01   3.479E-03   1.660E-03   1.819E-03   4.553E-03   1.364E-02   5.839E-04   1.749E-03
    1.293E-01   1.748E-03   1.748E-03   0.000E+00   4.805E-03   8.133E-03   6.214E-04   1.052E-03
    1.304E-01   1.799E-03   1.799E-03   0.000E+00   4.958E-03   4.486E-03   6.465E-04   5.850E-04
    1.315E-01   1.850E-03   1.850E-03   0.000E+00   5.106E-03   1.981E-03   6.713E-04   2.604E-04
    1.326E-01   1.857E-03   1.857E-03   0.000E+00   5.135E-03   9.146E-04   6.807E-04   1.212E-04
    1.336E-01   1.845E-03   1.845E-03   0.000E+00   5.107E-03   5.105E-04   6.825E-04   6.822E-05
    1.347E-01   1.808E-03   1.808E-03   0.000E+00   5.011E-03   6.415E-04   6.750E-04   8.642E-05
    1.358E-01   1.750E-03   1.750E-03   0.000E+00   4.853E-03   1.043E-03   6.590E-04   1.416E-04
    1.369E-01   1.653E-03   1.653E-03   0.000E+00   4.585E-03   1.581E-03   6.276E-04   2.164E-04
    1.379E-01   1.574E-03   1.574E-03   0.000E+00   4.365E-03   2.020E-03   6.022E-04   2.786E-04
    1.390E-01   1.465E-03   1.465E-03   0.000E+00   4.062E-03   2.405E-03   5.647E-04   3.343E-04
    1.401E-01   1.362E-03   1.362E-03   0.000E+00   3.775E-03   2.581E-03   5.289E-04   3.616E-04
    1.412E-01   1.276E-03   1.276E-03   0.000E+00   3.533E-03   2.624E-03   4.987E-04   3.704E-04
    1.423E-01   1.206E-03   1.206E-03   0.000E+00   3.336E-03   2.500E-03   4.745E-04   3.556E-04
    1.433E-01   1.169E-03   1.169E-03   0.000E+00   3.234E-03   2.291E-03   4.636E-04   3.284E-04
    1.444E-01   1.147E-03   1.147E-03   0.000E+00   3.177E-03   1.945E-03   4.587E-04   2.809E-04
    1.455E-01   1.160E-03   1.160E-03   0.000E+00   3.219E-03   1.613E-03   4.683E-04   2.346E-04
    1.466E-01   1.216E-03   1.216E-03   0.000E+00   3.385E-03   1.248E-03   4.961E-04   1.829E-04
    1.476E-01   1.299E-03   1.299E-03   0.000E+00   3.628E-03   9.210E-04   5.356E-04   1.360E-04
    1.487E-01   1.407E-03   1.407E-03   0.000E+00   3.945E-03   6.490E-04   5.868E-04   9.652E-05
    1.498E-01   1.536E-03   1.536E-03   0.000E+00   4.327E-03   4.062E-04   6.482E-04   6.085E-05
    1.509E-01   1.655E-03   1.655E-03   0.000E+00   4.681E-03   2.531E-04   7.063E-04   3.819E-05
    1.520E-01   1.787E-03   1.787E-03   0.000E+00   5.071E-03   1.252E-04   7.706E-04   1.902E-05
    1.530E-01   1.894E-03   1.894E-03   0.000E+00   5.394E-03   6.393E-05   8.254E-04   9.783E-06
    1.541E-01   1.970E-03   1.970E-03   0.000E+00   5.626E-03   3.112E-05   8.671E-04   4.797E-06
    1.552E-01   2.027E-03   2.027E-03   0.000E+00   5.801E-03   2.479E-05   9.003E-04   3.847E-06
    1.563E-01   2.022E-03   2.022E-03   0.000E+00   5.800E-03   3.238E-05   9.064E-04   5.060E-06
    1.573E-01   1.991E-03   1.991E-03   0.000E+00   5.719E-03   4.854E-05   8.998E-04   7.638E-06
    1.584E-01   1.920E-03   1.920E-03   0.000E+00   5.523E-03   6.204E-05   8.750E-04   9.828E-06
    1.595E-01   1.814E-03   1.814E-03   0.000E+00   5.225E-03   7.447E-05   8.333E-04   1.188E-05
    1.606E-01   1.690E-03   1.690E-03   0.000E+00   4.870E-03   7.883E-05   7.820E-04   1.266E-05
    1.617E-01   1.563E-03   1.563E-03   0.000E+00   4.503E-03   7.843E-05   7.280E-04   1.268E-05
    1.627E-01   1.440E-03   1.440E-03   0.000E+00   4.145E-03   7.191E-05   6.746E-04   1.170E-05
    1.638E-01   1.339E-03   1.339E-03   0.000E+00   3.857E-03   6.315E-05   6.318E-04   1.034E-05
    1.649E-01   1.255E-03   1.255E-03   0.000E+00   3.618E-03   5.034E-05   5.966E-04   8.301E-06
    1.660E-01   1.230E-03   1.230E-03   0.000E+00   3.553E-03   3.970E-05   5.897E-04   6.589E-06
    1.670E-01   1.246E-03   1.246E-03   0.000E+00   3.608E-03   2.779E-05   6.027E-04   4.642E-06
    1.681E-01   1.277E-03   1.277E-03   0.000E+00   3.712E-03   1.873E-05   6.241E-04   3.149E-06
    1.692E-01   1.359E-03   1.359E-03   0.000E+00   3.967E-03   1.146E-05   6.712E-04   1.938E-06
    1.703E-01   1.447E-03   1.447E-03   0.000E+00   4.244E-03   6.207E-06   7.227E-04   1.057E-06
    1.714E-01   1.540E-03   1.540E-03   0.000E+00   4.537E-03   3.023E-06   7.774E-04   5.180E-07
    1.724E-01   1.627E-03   1.627E-03   0.000E+00   4.810E-03   1.030E-06   8.294E-04   1.776E-07
    1.735E-01   1.672E-03   1.672E-03   0.000E+00   4.961E-03   3.206E-07   8.609E-04   5.563E-08
    1.746E-01   1.712E-03   1.712E-03   0.000E+00   5.091E-03   1.824E-07   8.889E-04   3.184E-08
    1.757E-01   1.688E-03   1.688E-03   0.000E+00   5.034E-03   3.817E-07   8.843E-04   6.705E-08
    1.767E-01   1.624E-03   1.624E-03   0.000E+00   4.853E-03   6.985E-07   8.577E-04   1.235E-07
    1.778E-01   1.546E-03   1.546E-03   0.000E+00   4.629E-03   9.456E-07   8.232E-04   1.681E-07
    1.789E-01   1.453E-03   1.453E-03   0.000E+00   4.355E-03   1.090E-06   7.790E-04   1.950E-07
    1.800E-01   1.339E-03   1.339E-03   0.000E+00   4.017E-03   1.088E-06   7.230E-04   1.958E-07
    1.811E-01   1.260E-03   1.260E-03   0.000E+00   3.787E-03   1.003E-06   6.857E-04   1.815E-07
    1.821E-01   1.205E-03   1.205E-03   0.000E+00   3.630E-03   8.296E-07   6.610E-04   1.511E-07
    1.832E-01   1.196E-03   1.196E-03   0.000E+00   3.610E-03   6.598E-07   6.615E-04   1.209E-07
    1.843E-01   1.230E-03   1.230E-03   0.000E+00   3.724E-03   4.541E-07   6.864E-04   8.368E-08
    1.854E-01   1.293E-03   1.293E-03   0.000E+00   3.933E-03   3.089E-07   7.290E-04   5.725E-08
    1.864E-01   1.401E-03   1.401E-03   0.000E+00   4.275E-03   1.819E-07   7.970E-04   3.391E-08
    1.875E-01   1.497E-03   1.497E-03   0.000E+00   4.586E-03   9.864E-08   8.600E-04   1.850E-08
    1.886E-01   1.593E-03   1.593E-03   0.000E+00   4.895E-03   4.634E-08   9.232E-04   8.740E-09
    1.897E-01   1.671E-03   1.671E-03   0.000E+00   5.150E-03   1.714E-08   9.768E-04   3.251E-09
    1.908E-01   1.680E-03   1.680E-03   0.000E+00   5.193E-03   5.596E-09   9.905E-04   1.067E-09
    1.918E-01   1.663E-03   1.663E-03   0.000E+00   5.151E-03   2.467E-09   9.881E-04   4.732E-10
    1.929E-01   1.597E-03   1.597E-03   0.000E+00   4.955E-03   3.679E-09   9.558E-04   7.097E-10
    1.940E-01   1.474E-03   1.474E-03   0.000E+00   4.579E-03   6.113E-09   8.883E-04   1.186E-09
    1.951E-01   1.379E-03   1.379E-03   0.000E+00   4.294E-03   7.514E-09   8.376E-04   1.466E-09
    1.961E-01   1.272E-03   1.272E-03   0.000E+00   3.965E-03   7.863E-09   7.776E-04   1.542E-09
    1.972E-01   1.213E-03   1.213E-03   0.000E+00   3.787E-03   7.212E-09   7.469E-04   1.422E-09
    1.983E-01   1.199E-03   1.199E-03   0.000E+00   3.752E-03   5.795E-09   7.439E-04   1.149E-09
    1.994E-01   1.246E-03   1.246E-03   0.000E+00   3.910E-03   4.283E-09   7.796E-04   8.539E-10
    2.005E-01   1.357E-03   1.357E-03   0.000E+00   4.269E-03   2.886E-09   8.558E-04   5.784E-10
    2.015E-01   1.505E-03   1.505E-03   0.000E+00   4.748E-03   1.714E-09   9.568E-04   3.453E-10
    2.026E-01   1.657E-03   1.657E-03   0.000E+00   5.244E-03   9.652E-10   1.062E-03   1.956E-10
    2.037E-01   1.813E-03   1.813E-03   0.000E+00   5.753E-03   4.393E-10   1.172E-03   8.947E-11
    2.048E-01   1.921E-03   1.921E-03   0.000E+00   6.111E-03   2.022E-10   1.251E-03   4.141E-11
    2.058E-01   1.945E-03   1.945E-03   0.000E+00   6.198E-03   7.109E-11   1.276E-03   1.463E-11
    2.069E-01   1.897E-03   1.897E-03   0.000E+00   6.060E-03   3.912E-11   1.254E-03   8.094E-12
    2.080E-01   1.797E-03   1.797E-03   0.000E+00   5.746E-03   3.607E-11   1.195E-03   7.503E-12
    2.091E-01   1.642E-03   1.642E-03   0.000E+00   5.256E-03   4.022E-11   1.099E-03   8.409E-12
    2.102E-01   1.495E-03   1.495E-03   0.000E+00   4.789E-03   4.210E-11   1.006E-03   8.847E-12
    2.112E-01   1.370E-03   1.370E-03   0.000E+00   4.396E-03   3.813E-11   9.285E-04   8.054E-12
    2.123E-01   1.315E-03   1.315E-03   0.000E+00   4.222E-03   3.021E-11   8.964E-04   6.413E-12
    2.134E-01   1.337E-03   1.337E-03   0.000E+00   4.303E-03   2.145E-11   9.181E-04   4.577E-12
    2.145E-01   1.449E-03   1.449E-03   0.000E+00   4.675E-03   1.376E-11   1.003E-03   2.951E-12
    2.155E-01   1.622E-03   1.622E-03   0.000E+00   5.245E-03   7.682E-12   1.130E-03   1.656E-12
    2.166E-01   1.815E-03   1.815E-03   0.000E+00   5.889E-03   4.037E-12   1.276E-03   8.745E-13
    2.177E-01   2.026E-03   2.026E-03   0.000E+00   6.590E-03   1.766E-12   1.435E-03   3.845E-13
    2.188E-01   2.135E-03   2.135E-03   0.000E+00   6.964E-03   8.062E-13   1.524E-03   1.764E-13
    2.198E-01   2.197E-03   2.197E-03   0.000E+00   7.179E-03   3.729E-13   1.578E-03   8.199E-14
    2.209E-01   2.146E-03   2.146E-03   0.000E+00   7.025E-03   2.672E-13   1.552E-03   5.904E-14
    2.220E-01   1.983E-03   1.983E-03   0.000E+00   6.496E-03   2.325E-13   1.442E-03   5.161E-14
    2.231E-01   1.828E-03   1.828E-03   0.000E+00   5.994E-03   2.125E-13   1.337E-03   4.741E-14
    2.242E-01   1.631E-03   1.631E-03   0.000E+00   5.349E-03   1.679E-13   1.199E-03   3.765E-14
    2.252E-01   1.515E-03   1.515E-03   0.000E+00   4.976E-03   1.248E-13   1.121E-03   2.812E-14
    2.263E-01   1.484E-03   1.484E-03   0.000E+00   4.879E-03   8.088E-14   1.104E-03   1.831E-14
    2.274E-01   1.542E-03   1.542E-03   0.000E+00   5.082E-03   4.530E-14   1.156E-03   1.030E-14
    2.285E-01   1.704E-03   1.704E-03   0.000E+00   5.634E-03   2.091E-14   1.287E-03   4.778E-15
    2.295E-01   1.898E-03   1.898E-03   0.000E+00   6.298E-03   8.293E-15   1.446E-03   1.904E-15
    2.306E-01   2.110E-03   2.110E-03   0.000E+00   7.021E-03   3.306E-15   1.619E-03   7.623E-16
    2.317E-01   2.246E-03   2.246E-03   0.000E+00   7.495E-03   9.035E-16   1.737E-03   2.093E-16
    2.328E-01   2.316E-03   2.316E-03   0.000E+00   7.743E-03   8.043E-16   1.802E-03   1.872E-16
    2.339E-01   2.237E-03   2.237E-03   0.000E+00   7.489E-03   3.081E-15   1.751E-03   7.205E-16
    2.349E-01   2.095E-03   2.095E-03   0.000E+00   7.026E-03   3.261E-15   1.651E-03   7.662E-16
    2.360E-01   1.909E-03   1.909E-03   0.000E+00   6.404E-03  -2.527E-15   1.511E-03  -5.965E-16
    2.371E-01   1.735E-03   1.735E-03   0.000E+00   5.829E-03  -8.073E-18   1.382E-03  -1.914E-18
    2.382E-01   1.643E-03   1.643E-03   0.000E+00   5.522E-03  -8.034E-16   1.315E-03  -1.913E-16
    2.392E-01   1.630E-03   1.630E-03   0.000E+00   5.495E-03   1.300E-15   1.315E-03   3.111E-16
    2.403E-01   1.756E-03   1.756E-03   0.000E+00   5.934E-03  -1.709E-16   1.426E-03  -4.107E-17
    2.414E-01   1.918E-03   1.918E-03   0.000E+00   6.503E-03   5.590E-16   1.570E-03   1.349E-16
    2.425E-01   2.108E-03   2.108E-03   0.000E+00   7.168E-03   4.918E-16   1.738E-03   1.192E-16
    2.436E-01   2.230E-03   2.230E-03   0.000E+00   7.606E-03   2.785E-16   1.853E-03   6.784E-17
    2.446E-01   2.318E-03   2.318E-03   0.000E+00   7.923E-03   3.514E-16   1.938E-03   8.597E-17
    2.457E-01   2.239E-03   2.239E-03   0.000E+00   7.669E-03  -4.623E-16   1.884E-03  -1.136E-16
    2.468E-01   2.122E-03   2.122E-03   0.000E+00   7.276E-03   4.356E-16   1.796E-03   1.075E-16
    2.479E-01   1.935E-03   1.935E-03   0.000E+00   6.648E-03  -7.340E-16   1.648E-03  -1.819E-16
    2.489E-01   1.806E-03   1.806E-03   0.000E+00   6.210E-03  -1.038E-15   1.546E-03  -2.583E-16
    2.500E-01   1.743E-03   1.743E-03   0.000E+00   6.007E-03   3.656E-16   1.502E-03   9.140E-17
    2.511E-01   1.776E-03   1.776E-03   0.000E+00   6.133E-03  -5.630E-16   1.540E-03  -1.414E-16
    2.522E-01   1.895E-03   1.895E-03   0.000E+00   6.566E-03   4.130E-16   1.656E-03   1.041E-16
    2.533E-01   2.065E-03   2.065E-03   0.000E+00   7.174E-03  -2.031E-17   1.817E-03  -5.144E-18
    2.543E-01   2.186E-03   2.186E-03   0.000E+00   7.616E-03  -4.225E-16   1.937E-03  -1.074E-16
    2.554E-01   2.243E-03   2.243E-03   0.000E+00   7.833E-03  -1.320E-16   2.001E-03  -3.372E-17
    2.565E-01   2.209E-03   2.209E-03   0.000E+00   7.732E-03   7.390E-16   1.983E-03   1.896E-16
    2.576E-01   2.095E-03   2.095E-03   0.000E+00   7.344E-03   6.270E-16   1.892E-03   1.615E-16
    2.586E-01   1.958E-03   1.958E-03   0.000E+00   6.879E-03  -6.561E-16   1.779E-03  -1.697E-16
    2.597E-01   1.842E-03   1.842E-03   0.000E+00   6.480E-03   7.092E-17   1.683E-03   1.842E-17
    2.608E-01   1.806E-03   1.806E-03   0.000E+00   6.367E-03   5.399E-16   1.661E-03   1.408E-16
    2.619E-01   1.890E-03   1.890E-03   0.000E+00   6.679E-03  -8.148E-16   1.749E-03  -2.134E-16
    2.630E-01   1.977E-03   1.977E-03   0.000E+00   7.007E-03  -2.226E-16   1.843E-03  -5.854E-17
    2.640E-01   2.125E-03   2.125E-03   0.000E+00   7.549E-03   1.801E-15   1.993E-03   4.754E-16
    2.651E-01   2.185E-03   2.185E-03   0.000E+00   7.783E-03   1.877E-15   2.063E-03   4.976E-16
    2.662E-01   2.173E-03   2.173E-03   0.000E+00   7.755E-03   1.721E-15   2.064E-03   4.580E-16
    2.673E-01   2.085E-03   2.085E-03   0.000E+00   7.460E-03  -8.814E-16   1.994E-03  -2.356E-16
    2.683E-01   1.960E-03   1.960E-03   0.000E+00   7.022E-03  -2.083E-15   1.884E-03  -5.589E-16
    2.694E-01   1.864E-03   1.864E-03   0.000E+00   6.694E-03  -2.900E-15   1.804E-03  -7.814E-16
    2.705E-01   1.837E-03   1.837E-03   0.000E+00   6.608E-03  -2.947E-16   1.787E-03  -7.970E-17
    2.716E-01   1.890E-03   1.890E-03   0.000E+00   6.817E-03   7.696E-16   1.851E-03   2.090E-16
    2.727E-01   2.014E-03   2.014E-03   0.000E+00   7.278E-03  -7.459E-16   1.984E-03  -2.034E-16
    2.737E-01   2.126E-03   2.126E-03   0.000E+00   7.707E-03  -1.220E-15   2.110E-03  -3.339E-16
    2.748E-01   2.159E-03   2.159E-03   0.000E+00   7.841E-03   1.165E-15   2.155E-03   3.203E-16
    2.759E-01   2.113E-03   2.113E-03   0.000E+00   7.690E-03   3.300E-16   2.121E-03   9.105E-17
    2.770E-01   2.013E-03   2.013E-03   0.000E+00   7.339E-03   8.762E-17   2.033E-03   2.427E-17
    2.780E-01   1.887E-03   1.887E-03   0.000E+00   6.892E-03  -9.047E-16   1.916E-03  -2.515E-16
    2.791E-01   1.794E-03   1.794E-03   0.000E+00   6.563E-03  -2.367E-16   1.832E-03  -6.606E-17
    2.802E-01   1.826E-03   1.826E-03   0.000E+00   6.699E-03   1.158E-15   1.877E-03   3.245E-16
    2.813E-01   1.930E-03   1.930E-03   0.000E+00   7.094E-03   8.566E-16   1.996E-03   2.410E-16
    2.824E-01   2.059E-03   2.059E-03   0.000E+00   7.588E-03  -1.694E-15   2.142E-03  -4.783E-16
    2.834E-01   2.139E-03   2.139E-03   0.000E+00   7.897E-03  -1.243E-15   2.238E-03  -3.523E-16
    2.845E-01   2.120E-03   2.120E-03   0.000E+00   7.843E-03   7.125E-17   2.231E-03   2.027E-17
    2.856E-01   2.006E-03   2.006E-03   0.000E+00   7.433E-03   2.559E-16   2.123E-03   7.308E-17
    2.867E-01   1.849E-03   1.849E-03   0.000E+00   6.866E-03   2.747E-16   1.968E-03   7.874E-17
    2.877E-01   1.748E-03   1.748E-03   0.000E+00   6.498E-03   3.394E-16   1.870E-03   9.765E-17
    2.888E-01   1.757E-03   1.757E-03   0.000E+00   6.547E-03   5.241E-16   1.891E-03   1.514E-16
    2.899E-01   1.845E-03   1.845E-03   0.000E+00   6.893E-03   1.395E-15   1.998E-03   4.044E-16
    2.910E-01   1.995E-03   1.995E-03   0.000E+00   7.465E-03   1.781E-18   2.172E-03   5.181E-19
    2.921E-01   2.102E-03   2.102E-03   0.000E+00   7.887E-03   7.066E-16   2.304E-03   2.064E-16
    2.931E-01   2.093E-03   2.093E-03   0.000E+00   7.862E-03  -1.196E-16   2.305E-03  -3.505E-17
    2.942E-01   1.944E-03   1.944E-03   0.000E+00   7.320E-03  -1.536E-16   2.154E-03  -4.520E-17
    2.953E-01   1.764E-03   1.764E-03   0.000E+00   6.649E-03  -2.411E-16   1.964E-03  -7.119E-17
    2.964E-01   1.654E-03   1.654E-03   0.000E+00   6.249E-03   1.871E-16   1.852E-03   5.545E-17
    2.974E-01   1.673E-03   1.673E-03   0.000E+00   6.328E-03   1.043E-16   1.882E-03   3.102E-17
    2.985E-01   1.775E-03   1.775E-03   0.000E+00   6.730E-03  -6.323E-17   2.009E-03  -1.888E-17
    2.996E-01   1.968E-03   1.968E-03   0.000E+00   7.476E-03  -1.546E-16   2.240E-03  -4.631E-17
    3.007E-01   2.051E-03   2.051E-03   0.000E+00   7.807E-03   2.784E-17   2.348E-03   8.370E-18
    3.018E-01   1.966E-03   1.966E-03   0.000E+00   7.495E-03   3.022E-17   2.262E-03   9.119E-18
    3.028E-01   1.793E-03   1.793E-03   0.000E+00   6.848E-03  -4.988E-16   2.074E-03  -1.511E-16
    3.039E-01   1.617E-03   1.617E-03   0.000E+00   6.185E-03   2.205E-17   1.880E-03   6.701E-18
    3.050E-01   1.536E-03   1.536E-03   0.000E+00   5.887E-03   1.639E-16   1.796E-03   4.997E-17
    3.061E-01   1.624E-03   1.624E-03   0.000E+00   6.232E-03  -1.983E-16   1.907E-03  -6.070E-17
    3.071E-01   1.767E-03   1.767E-03   0.000E+00   6.797E-03  -1.235E-16   2.088E-03  -3.792E-17
    3.082E-01   1.925E-03   1.925E-03   0.000E+00   7.415E-03  -1.009E-16   2.286E-03  -3.109E-17
    3.093E-01   1.895E-03   1.895E-03   0.000E+00   7.316E-03   2.498E-16   2.263E-03   7.727E-17
    3.104E-01   1.755E-03   1.755E-03   0.000E+00   6.789E-03   4.409E-17   2.107E-03   1.369E-17
    3.115E-01   1.544E-03   1.544E-03   0.000E+00   5.977E-03   2.519E-16   1.861E-03   7.845E-17
    3.125E-01   1.436E-03   1.436E-03   0.000E+00   5.569E-03   7.275E-16   1.740E-03   2.274E-16
    3.136E-01   1.475E-03   1.475E-03   0.000E+00   5.730E-03  -6.268E-16   1.797E-03  -1.966E-16
    3.147E-01   1.617E-03   1.617E-03   0.000E+00   6.296E-03  -1.250E-16   1.981E-03  -3.934E-17
    3.158E-01   1.772E-03   1.772E-03   0.000E+00   6.910E-03   3.013E-17   2.182E-03   9.515E-18
    3.168E-01   1.778E-03   1.778E-03   0.000E+00   6.946E-03  -2.529E-16   2.201E-03  -8.012E-17
    3.179E-01   1.616E-03   1.616E-03   0.000E+00   6.319E-03  -4.108E-16   2.009E-03  -1.306E-16
    3.190E-01   1.417E-03   1.417E-03   0.000E+00   5.550E-03  -2.728E-17   1.770E-03  -8.703E-18
    3.201E-01   1.310E-03   1.310E-03   0.000E+00   5.137E-03   3.636E-16   1.644E-03   1.164E-16
    3.212E-01   1.369E-03   1.369E-03   0.000E+00   5.380E-03  -1.168E-16   1.728E-03  -3.751E-17
    3.222E-01   1.517E-03   1.517E-03   0.000E+00   5.971E-03   5.699E-16   1.924E-03   1.836E-16
    3.233E-01   1.639E-03   1.639E-03   0.000E+00   6.464E-03   8.617E-16   2.090E-03   2.786E-16
    3.244E-01   1.577E-03   1.577E-03   0.000E+00   6.230E-03   3.778E-16   2.021E-03   1.226E-16
    3.255E-01   1.398E-03   1.398E-03   0.000E+00   5.529E-03  -3.764E-16   1.799E-03  -1.225E-16
    3.265E-01   1.230E-03   1.230E-03   0.000E+00   4.870E-03  -2.719E-17   1.590E-03  -8.879E-18
    3.276E-01   1.201E-03   1.201E-03   0.000E+00   4.763E-03  -6.767E-17   1.560E-03  -2.217E-17
    3.287E-01   1.290E-03   1.290E-03   0.000E+00   5.127E-03   4.925E-17   1.685E-03   1.619E-17
    3.298E-01   1.441E-03   1.441E-03   0.000E+00   5.734E-03   1.464E-16   1.891E-03   4.827E-17
    3.309E-01   1.447E-03   1.447E-03   0.000E+00   5.770E-03  -1.507E-16   1.909E-03  -4.987E-17
    3.319E-01   1.321E-03   1.321E-03   0.000E+00   5.273E-03  -4.351E-16   1.750E-03  -1.444E-16
    3.330E-01   1.150E-03   1.150E-03   0.000E+00   4.596E-03  -1.875E-16   1.531E-03  -6.243E-17
    3.341E-01   1.065E-03   1.065E-03   0.000E+00   4.262E-03  -1.493E-16   1.424E-03  -4.987E-17
    3.352E-01   1.136E-03   1.136E-03   0.000E+00   4.554E-03  -5.666E-17   1.526E-03  -1.899E-17
    3.362E-01   1.243E-03   1.243E-03   0.000E+00   4.993E-03   1.263E-16   1.679E-03   4.247E-17
    3.373E-01   1.292E-03   1.292E-03   0.000E+00   5.195E-03   2.832E-16   1.753E-03   9.551E-17
    3.384E-01   1.195E-03   1.195E-03   0.000E+00   4.813E-03   7.973E-19   1.629E-03   2.698E-19
    3.395E-01   1.014E-03   1.014E-03   0.000E+00   4.087E-03  -1.760E-17   1.387E-03  -5.976E-18
    3.406E-01   9.440E-04   9.440E-04   0.000E+00   3.810E-03  -1.466E-16   1.297E-03  -4.994E-17
    3.416E-01   1.007E-03   1.007E-03   0.000E+00   4.070E-03  -2.132E-16   1.390E-03  -7.283E-17
    3.427E-01   1.104E-03   1.104E-03   0.000E+00   4.467E-03  -3.030E-18   1.531E-03  -1.038E-18
    3.438E-01   1.125E-03   1.125E-03   0.000E+00   4.562E-03  -2.288E-17   1.568E-03  -7.867E-18
    3.449E-01   1.002E-03   1.002E-03   0.000E+00   4.065E-03  -1.126E-16   1.402E-03  -3.882E-17
    3.459E-01   8.762E-04   8.762E-04   0.000E+00   3.560E-03  -2.196E-17   1.231E-03  -7.597E-18
    3.470E-01   8.375E-04   8.375E-04   0.000E+00   3.406E-03  -1.995E-17   1.182E-03  -6.921E-18
    3.481E-01   8.999E-04   8.999E-04   0.000E+00   3.665E-03   3.983E-17   1.276E-03   1.387E-17
    3.492E-01   9.701E-04   9.701E-04   0.000E+00   3.956E-03   2.395E-17   1.381E-03   8.362E-18
    3.503E-01   9.483E-04   9.483E-04   0.000E+00   3.872E-03  -2.049E-17   1.356E-03  -7.177E-18
    3.513E-01   8.269E-04   8.269E-04   0.000E+00   3.379E-03   5.088E-17   1.187E-03   1.788E-17
    3.524E-01   7.297E-04   7.297E-04   0.000E+00   2.985E-03   1.945E-17   1.052E-03   6.854E-18
    3.535E-01   7.467E-04   7.467E-04   0.000E+00   3.058E-03  -1.366E-17   1.081E-03  -4.830E-18
    3.546E-01   8.168E-04   8.168E-04   0.000E+00   3.350E-03  -5.661E-17   1.188E-03  -2.007E-17
    3.556E-01   8.353E-04   8.353E-04   0.000E+00   3.429E-03   4.559E-18   1.220E-03   1.621E-18
    3.567E-01   7.426E-04   7.426E-04   0.000E+00   3.051E-03   6.638E-17   1.088E-03   2.368E-17
    3.578E-01   6.538E-04   6.538E-04   0.000E+00   2.688E-03   8.145E-17   9.619E-04   2.914E-17
    3.589E-01   6.335E-04   6.335E-04   0.000E+00   2.607E-03  -4.377E-17   9.357E-04  -1.571E-17
    3.599E-01   6.879E-04   6.879E-04   0.000E+00   2.835E-03  -5.091E-17   1.020E-03  -1.832E-17
    3.610E-01   7.128E-04   7.128E-04   0.000E+00   2.940E-03  -2.300E-16   1.061E-03  -8.303E-17
    3.621E-01   6.535E-04   6.535E-04   0.000E+00   2.697E-03  -1.541E-17   9.767E-04  -5.579E-18
    3.632E-01   5.642E-04   5.642E-04   0.000E+00   2.330E-03   4.201E-17   8.462E-04   1.526E-17
    3.643E-01   5.468E-04   5.468E-04   0.000E+00   2.260E-03  -1.200E-16   8.232E-04  -4.371E-17
    3.653E-01   5.860E-04   5.860E-04   0.000E+00   2.424E-03  -4.044E-17   8.857E-04  -1.478E-17
    3.664E-01   5.996E-04   5.996E-04   0.000E+00   2.482E-03   4.468E-17   9.096E-04   1.637E-17
    3.675E-01   5.531E-04   5.531E-04   0.000E+00   2.291E-03   2.009E-16   8.419E-04   7.384E-17
    3.686E-01   4.804E-04   4.804E-04   0.000E+00   1.991E-03   2.366E-16   7.337E-04   8.722E-17
    3.696E-01   4.687E-04   4.687E-04   0.000E+00   1.943E-03   1.478E-16   7.184E-04   5.465E-17
    3.707E-01   5.033E-04   5.033E-04   0.000E+00   2.088E-03   4.478E-17   7.741E-04   1.660E-17
    3.718E-01   5.013E-04   5.013E-04   0.000E+00   2.081E-03   1.298E-16   7.738E-04   4.826E-17
    3.729E-01   4.586E-04   4.586E-04   0.000E+00   1.904E-03   1.754E-16   7.101E-04   6.540E-17
    3.740E-01   3.980E-04   3.980E-04   0.000E+00   1.653E-03  -4.153E-17   6.182E-04  -1.553E-17
    3.750E-01   4.063E-04   4.063E-04   0.000E+00   1.688E-03  -1.029E-16   6.331E-04  -3.861E-17
    3.761E-01   4.304E-04   4.304E-04   0.000E+00   1.789E-03  -2.456E-16   6.728E-04  -9.238E-17
    3.772E-01   4.146E-04   4.146E-04   0.000E+00   1.724E-03  -8.198E-17   6.502E-04  -3.092E-17
    3.783E-01   3.647E-04   3.647E-04   0.000E+00   1.516E-03  -6.423E-18   5.735E-04  -2.430E-18
    3.793E-01   3.350E-04   3.350E-04   0.000E+00   1.393E-03  -1.895E-16   5.285E-04  -7.188E-17
    3.804E-01   3.583E-04   3.583E-04   0.000E+00   1.490E-03   4.800E-17   5.668E-04   1.826E-17
    3.815E-01   3.602E-04   3.602E-04   0.000E+00   1.497E-03  -8.677E-17   5.713E-04  -3.310E-17
    3.826E-01   3.276E-04   3.276E-04   0.000E+00   1.362E-03  -2.578E-16   5.212E-04  -9.862E-17
    3.837E-01   2.864E-04   2.864E-04   0.000E+00   1.190E-03  -4.778E-17   4.567E-04  -1.833E-17
    3.847E-01   2.983E-04   2.983E-04   0.000E+00   1.240E-03  -1.258E-17   4.771E-04  -4.842E-18
    3.858E-01   3.072E-04   3.072E-04   0.000E+00   1.276E-03   6.701E-17   4.925E-04   2.586E-17
    3.869E-01   2.882E-04   2.882E-04   0.000E+00   1.197E-03   9.227E-17   4.630E-04   3.570E-17
    3.880E-01   2.505E-04   2.505E-04   0.000E+00   1.040E-03   1.117E-16   4.035E-04   4.335E-17
    3.890E-01   2.449E-04   2.449E-04   0.000E+00   1.016E-03  -9.419E-17   3.953E-04  -3.664E-17
    3.901E-01   2.614E-04   2.614E-04   0.000E+00   1.085E-03  -7.341E-17   4.231E-04  -2.864E-17
    3.912E-01   2.486E-04   2.486E-04   0.000E+00   1.030E-03   9.248E-17   4.031E-04   3.618E-17
    3.923E-01   2.173E-04   2.173E-04   0.000E+00   9.005E-04   3.671E-17   3.533E-04   1.440E-17
    3.934E-01   2.054E-04   2.054E-04   0.000E+00   8.501E-04  -3.930E-17   3.344E-04  -1.546E-17
    3.944E-01   2.223E-04   2.223E-04   0.000E+00   9.189E-04   3.069E-17   3.625E-04   1.211E-17
    3.955E-01   2.099E-04   2.099E-04   0.000E+00   8.675E-04   9.002E-17   3.431E-04   3.560E-17
    3.966E-01   1.867E-04   1.867E-04   0.000E+00   7.704E-04   1.229E-16   3.055E-04   4.876E-17
    3.977E-01   1.732E-04   1.732E-04   0.000E+00   7.143E-04  -1.258E-17   2.840E-04  -5.002E-18
    3.987E-01   1.895E-04   1.895E-04   0.000E+00   7.802E-04  -5.450E-17   3.111E-04  -2.173E-17
    3.998E-01   1.786E-04   1.786E-04   0.000E+00   7.342E-04  -7.806E-18   2.936E-04  -3.121E-18
    4.009E-01   1.561E-04   1.561E-04   0.000E+00   6.410E-04   7.468E-19   2.570E-04   2.994E-19
    4.020E-01   1.484E-04   1.484E-04   0.000E+00   6.084E-04  -6.356E-17   2.446E-04  -2.555E-17
    4.031E-01   1.630E-04   1.630E-04   0.000E+00   6.676E-04  -1.096E-16   2.691E-04  -4.418E-17
    4.041E-01   1.493E-04   1.493E-04   0.000E+00   6.092E-04  -8.909E-13   2.462E-04  -3.600E-13
    4.052E-01   1.319E-04   1.319E-04   0.000E+00   5.368E-04   1.167E-12   2.175E-04   4.729E-13
    4.063E-01   1.300E-04   1.300E-04   0.000E+00   5.285E-04  -7.631E-13   2.147E-04  -3.100E-13
    4.074E-01   1.390E-04   1.390E-04   0.000E+00   5.637E-04  -1.990E-13   2.296E-04  -8.106E-14
    4.084E-01   1.244E-04   1.244E-04   0.000E+00   5.042E-04  -2.027E-14   2.059E-04  -8.279E-15
    4.095E-01   1.100E-04   1.100E-04   0.000E+00   4.445E-04  -2.082E-13   1.820E-04  -8.525E-14
    4.106E-01   1.158E-04   1.158E-04   0.000E+00   4.667E-04   7.355E-13   1.916E-04   3.020E-13
    4.117E-01   1.169E-04   1.169E-04   0.000E+00   4.695E-04   3.421E-13   1.933E-04   1.408E-13
    4.128E-01   1.835E-04   1.835E-04   0.000E+00   7.281E-04  -1.554E-13   3.005E-04  -6.416E-14
    4.138E-01   7.893E-04   7.893E-04   0.000E+00   3.113E-03  -5.127E-13   1.288E-03  -2.122E-13
    4.149E-01   1.023E-03   1.023E-03   0.000E+00   3.842E-03   1.724E-12   1.594E-03   7.152E-13
    4.160E-01   1.547E-03   1.547E-03   0.000E+00   4.987E-03   2.703E-13   2.075E-03   1.124E-13
    4.171E-01   6.945E-04   6.945E-04   0.000E+00   2.754E-03   3.894E-14   1.148E-03   1.624E-14
    4.181E-01   7.001E-04   7.001E-04   0.000E+00   2.767E-03   1.826E-14   1.157E-03   7.634E-15
    4.192E-01   7.637E-04   7.637E-04   0.000E+00   3.006E-03   4.396E-14   1.260E-03   1.843E-14
    4.203E-01   6.615E-04   6.615E-04   0.000E+00   2.594E-03   5.540E-14   1.090E-03   2.328E-14
    4.214E-01   0.000E+00   0.000E+00   0.000E+00   1.080E-03  -3.366E-14   4.551E-04  -1.419E-14
    4.225E-01   0.000E+00   0.000E+00   0.000E+00   0.000E+00   0.000E+00   0.000E+00   0.000E+00
    4.235E-01   0.000E+00   0.000E+00   0.000E+00   0.000E+00   0.000E+00   0.000E+00   0.000E+00
    4.246E-01   0.000E+00   0.000E+00   0.000E+00   0.000E+00   0.000E+00   0.000E+00   0.000E+00
    4.257E-01   0.000E+00   0.000E+00   0.000E+00   0.000E+00   0.000E+00   0.000E+00   0.000E+00
    4.268E-01   0.000E+00   0.000E+00   0.000E+00   0.000E+00   0.000E+00   0.000E+00   0.000E+00
    4.278E-01   0.000E+00   0.000E+00   0.000E+00   0.000E+00   0.000E+00   0.000E+00   0.000E+00
    4.289E-01   0.000E+00   0.000E+00   0.000E+00   0.000E+00   0.000E+00   0.000E+00   0.000E+00
        
        
