    0.000E+00   7.249E-01   2.703E+00   2.021E+01
    1.078E-03   2.379E-01   9.484E-01   6.728E+00
    2.155E-03   1.430E-01   6.087E-01   4.122E+00
    3.233E-03   1.024E-01   4.711E-01   3.044E+00
    4.311E-03   7.917E-02   3.891E-01   2.430E+00
    5.388E-03   6.475E-02   3.395E-01   2.063E+00
    6.466E-03   5.440E-02   3.072E-01   1.822E+00
    7.544E-03   4.674E-02   2.824E-01   1.649E+00
    8.622E-03   4.083E-02   2.630E-01   1.521E+00
    9.699E-03   3.604E-02   2.496E-01   1.435E+00
    1.078E-02   3.224E-02   2.392E-01   1.376E+00
    1.185E-02   2.887E-02   2.284E-01   1.319E+00
    1.293E-02   2.614E-02   2.221E-01   1.293E+00
    1.401E-02   2.368E-02   2.159E-01   1.273E+00
    1.509E-02   2.158E-02   2.099E-01   1.255E+00
    1.617E-02   1.967E-02   2.054E-01   1.250E+00
    1.724E-02   1.804E-02   2.024E-01   1.256E+00
    1.832E-02   1.648E-02   1.974E-01   1.251E+00
    1.940E-02   1.517E-02   1.950E-01   1.264E+00
    2.048E-02   1.390E-02   1.922E-01   1.277E+00
    2.155E-02   1.280E-02   1.890E-01   1.285E+00
    2.263E-02   1.176E-02   1.864E-01   1.300E+00
    2.371E-02   1.079E-02   1.841E-01   1.320E+00
    2.479E-02   9.950E-03   1.813E-01   1.332E+00
    2.586E-02   9.187E-03   1.796E-01   1.355E+00
    2.694E-02   8.433E-03   1.774E-01   1.376E+00
    2.802E-02   7.785E-03   1.747E-01   1.389E+00
    2.910E-02   7.166E-03   1.723E-01   1.407E+00
    3.018E-02   6.585E-03   1.700E-01   1.427E+00
    3.125E-02   6.111E-03   1.679E-01   1.444E+00
    3.233E-02   5.614E-03   1.647E-01   1.454E+00
    3.341E-02   5.192E-03   1.627E-01   1.476E+00
    3.449E-02   4.798E-03   1.592E-01   1.479E+00
    3.556E-02   4.458E-03   1.570E-01   1.496E+00
    3.664E-02   4.146E-03   1.547E-01   1.513E+00
    3.772E-02   3.856E-03   1.509E-01   1.511E+00
    3.880E-02   3.595E-03   1.478E-01   1.518E+00
    3.987E-02   3.377E-03   1.451E-01   1.528E+00
    4.095E-02   3.184E-03   1.417E-01   1.527E+00
    4.203E-02   3.004E-03   1.383E-01   1.528E+00
    4.311E-02   2.853E-03   1.347E-01   1.525E+00
    4.419E-02   2.728E-03   1.312E-01   1.518E+00
    4.526E-02   2.617E-03   1.274E-01   1.513E+00
    4.634E-02   2.538E-03   1.242E-01   1.509E+00
    4.742E-02   2.458E-03   1.200E-01   1.491E+00
    4.850E-02   2.411E-03   1.165E-01   1.485E+00
    4.957E-02   2.371E-03   1.127E-01   1.469E+00
    5.065E-02   2.342E-03   1.089E-01   1.451E+00
    5.173E-02   2.340E-03   1.052E-01   1.438E+00
    5.281E-02   2.325E-03   1.010E-01   1.411E+00
    5.388E-02   2.337E-03   9.758E-02   1.394E+00
    5.496E-02   2.348E-03   9.318E-02   1.365E+00
    5.604E-02   2.374E-03   8.984E-02   1.345E+00
    5.712E-02   2.400E-03   8.609E-02   1.318E+00
    5.820E-02   2.438E-03   8.224E-02   1.290E+00
    5.927E-02   2.478E-03   7.904E-02   1.266E+00
    6.035E-02   2.510E-03   7.513E-02   1.231E+00
    6.143E-02   2.563E-03   7.186E-02   1.205E+00
    6.251E-02   2.600E-03   6.862E-02   1.174E+00
    6.358E-02   2.649E-03   6.516E-02   1.142E+00
    6.466E-02   2.690E-03   6.201E-02   1.110E+00
    6.574E-02   2.725E-03   5.907E-02   1.079E+00
    6.682E-02   2.784E-03   5.606E-02   1.050E+00
    6.789E-02   2.806E-03   5.311E-02   1.015E+00
    6.897E-02   2.847E-03   5.061E-02   9.885E-01
    7.005E-02   2.884E-03   4.778E-02   9.565E-01
    7.113E-02   2.905E-03   4.537E-02   9.278E-01
    7.221E-02   2.928E-03   4.289E-02   8.986E-01
    7.328E-02   2.947E-03   4.049E-02   8.701E-01
    7.436E-02   2.966E-03   3.851E-02   8.475E-01
    7.544E-02   2.976E-03   3.623E-02   8.210E-01
    7.652E-02   2.966E-03   3.406E-02   7.943E-01
    7.759E-02   2.970E-03   3.230E-02   7.755E-01
    7.867E-02   2.964E-03   3.020E-02   7.533E-01
    7.975E-02   2.958E-03   2.857E-02   7.376E-01
    8.083E-02   2.927E-03   2.669E-02   7.176E-01
    8.190E-02   2.912E-03   2.498E-02   7.043E-01
    8.298E-02   2.880E-03   2.340E-02   6.911E-01
    8.406E-02   2.833E-03   2.163E-02   6.767E-01
    8.514E-02   2.802E-03   2.015E-02   6.694E-01
    8.622E-02   2.766E-03   1.879E-02   6.638E-01
    8.729E-02   2.702E-03   1.709E-02   6.553E-01
    8.837E-02   2.647E-03   1.575E-02   6.505E-01
    8.945E-02   2.596E-03   1.444E-02   6.496E-01
    9.053E-02   2.529E-03   1.303E-02   6.481E-01
    9.160E-02   2.462E-03   1.184E-02   6.468E-01
    9.268E-02   2.384E-03   1.055E-02   6.471E-01
    9.376E-02   2.306E-03   9.413E-03   6.474E-01
    9.484E-02   2.235E-03   8.412E-03   6.498E-01
    9.591E-02   2.132E-03   7.262E-03   6.484E-01
    9.699E-02   2.052E-03   6.410E-03   6.498E-01
    9.807E-02   1.954E-03   5.528E-03   6.484E-01
    9.915E-02   1.843E-03   4.704E-03   6.431E-01
    1.002E-01   1.757E-03   4.080E-03   6.428E-01
    1.013E-01   1.631E-03   3.385E-03   6.333E-01
    1.024E-01   1.528E-03   2.880E-03   6.260E-01
    1.035E-01   1.409E-03   2.412E-03   6.113E-01
    1.045E-01   1.288E-03   2.001E-03   5.972E-01
    1.056E-01   1.174E-03   1.692E-03   5.773E-01
    1.067E-01   1.059E-03   1.419E-03   5.582E-01
    1.078E-01   9.447E-04   1.203E-03   5.313E-01
    1.088E-01   8.441E-04   1.041E-03   5.042E-01
    1.099E-01   7.470E-04   9.031E-04   4.742E-01
    1.110E-01   6.654E-04   7.994E-04   4.383E-01
    1.121E-01   6.087E-04   7.247E-04   4.064E-01
    1.132E-01   5.704E-04   6.613E-04   3.698E-01
    1.142E-01   5.534E-04   6.054E-04   3.312E-01
    1.153E-01   5.831E-04   5.621E-04   2.939E-01
    1.164E-01   6.349E-04   5.235E-04   2.599E-01
    1.175E-01   7.327E-04   4.821E-04   2.232E-01
    1.185E-01   8.671E-04   4.419E-04   1.892E-01
    1.196E-01   1.027E-03   4.038E-04   1.596E-01
    1.207E-01   1.260E-03   3.587E-04   1.279E-01
    1.218E-01   1.478E-03   3.195E-04   1.038E-01
    1.229E-01   1.763E-03   2.788E-04   8.076E-02
    1.239E-01   2.069E-03   2.408E-04   6.156E-02
    1.250E-01   2.342E-03   2.047E-04   4.593E-02
    1.261E-01   2.661E-03   1.661E-04   3.126E-02
    1.272E-01   2.936E-03   1.385E-04   2.195E-02
    1.282E-01   3.178E-03   1.091E-04   1.364E-02
    1.293E-01   3.406E-03   8.647E-05   8.133E-03
    1.304E-01   3.535E-03   6.734E-05   4.486E-03
    1.315E-01   3.640E-03   4.979E-05   1.981E-03
    1.326E-01   3.648E-03   3.770E-05   9.144E-04
    1.336E-01   3.571E-03   2.672E-05   5.104E-04
    1.347E-01   3.449E-03   1.927E-05   6.414E-04
    1.358E-01   3.259E-03   1.366E-05   1.043E-03
    1.369E-01   2.973E-03   9.075E-06   1.581E-03
    1.379E-01   2.712E-03   6.347E-06   2.020E-03
    1.390E-01   2.371E-03   4.112E-06   2.405E-03
    1.401E-01   2.072E-03   2.791E-06   2.581E-03
    1.412E-01   1.804E-03   1.866E-06   2.624E-03
    1.423E-01   1.577E-03   1.255E-06   2.500E-03
    1.433E-01   1.443E-03   9.015E-07   2.291E-03
    1.444E-01   1.382E-03   6.182E-07   1.945E-03
    1.455E-01   1.417E-03   4.702E-07   1.613E-03
    1.466E-01   1.571E-03   3.521E-07   1.248E-03
    1.476E-01   1.797E-03   2.690E-07   9.210E-04
    1.487E-01   2.099E-03   2.108E-07   6.490E-04
    1.498E-01   2.486E-03   1.574E-07   4.062E-04
    1.509E-01   2.857E-03   1.228E-07   2.531E-04
    1.520E-01   3.236E-03   8.766E-08   1.252E-04
    1.530E-01   3.581E-03   6.538E-08   6.392E-05
    1.541E-01   3.817E-03   4.597E-08   3.112E-05
    1.552E-01   4.006E-03   3.174E-08   2.479E-05
    1.563E-01   4.022E-03   2.182E-08   3.238E-05
    1.573E-01   3.961E-03   1.393E-08   4.854E-05
    1.584E-01   3.797E-03   9.352E-09   6.204E-05
    1.595E-01   3.533E-03   5.770E-09   7.447E-05
    1.606E-01   3.200E-03   3.647E-09   7.883E-05
    1.617E-01   2.872E-03   2.273E-09   7.843E-05
    1.627E-01   2.527E-03   1.373E-09   7.191E-05
    1.638E-01   2.296E-03   8.866E-10   6.315E-05
    1.649E-01   2.104E-03   5.289E-10   5.034E-05
    1.660E-01   2.072E-03   3.564E-10   3.970E-05
    1.670E-01   2.162E-03   2.221E-10   2.779E-05
    1.681E-01   2.314E-03   1.484E-10   1.873E-05
    1.692E-01   2.614E-03   9.719E-11   1.146E-05
    1.703E-01   2.944E-03   6.355E-11   6.207E-06
    1.714E-01   3.281E-03   4.184E-11   3.023E-06
    1.724E-01   3.594E-03   2.579E-11   1.030E-06
    1.735E-01   3.801E-03   1.671E-11   3.206E-07
    1.746E-01   3.967E-03   9.754E-12   1.824E-07
    1.757E-01   3.968E-03   6.037E-12   3.817E-07
    1.767E-01   3.827E-03   3.407E-12   6.985E-07
    1.778E-01   3.647E-03   1.995E-12   9.456E-07
    1.789E-01   3.419E-03   1.104E-12   1.090E-06
    1.800E-01   3.123E-03   6.203E-13   1.088E-06
    1.811E-01   2.937E-03   3.940E-13   1.003E-06
    1.821E-01   2.823E-03   2.042E-13   8.296E-07
    1.832E-01   2.838E-03   1.460E-13   6.598E-07
    1.843E-01   2.988E-03   8.121E-14   4.541E-07
    1.854E-01   3.231E-03   4.788E-14   3.089E-07
    1.864E-01   3.607E-03  -5.402E-15   1.819E-07
    1.875E-01   3.957E-03  -9.362E-15   9.864E-08
    1.886E-01   4.292E-03  -2.479E-14   4.634E-08
    1.897E-01   4.574E-03  -2.886E-14   1.714E-08
    1.908E-01   4.641E-03  -9.935E-15   5.596E-09
    1.918E-01   4.625E-03  -1.571E-15   2.467E-09
    1.929E-01   4.449E-03  -4.301E-15   3.679E-09
    1.940E-01   4.097E-03  -4.034E-14   6.113E-09
    1.951E-01   3.824E-03  -3.815E-14   7.514E-09
    1.961E-01   3.511E-03   4.772E-15   7.863E-09
    1.972E-01   3.348E-03   6.297E-15   7.212E-09
    1.983E-01   3.321E-03   5.559E-16   5.795E-09
    1.994E-01   3.491E-03   1.969E-14   4.283E-09
    2.005E-01   3.857E-03  -1.923E-15   2.886E-09
    2.015E-01   4.340E-03   3.279E-14   1.714E-09
    2.026E-01   4.841E-03   2.182E-14   9.652E-10
    2.037E-01   5.353E-03   4.476E-14   4.393E-10
    2.048E-01   5.712E-03   1.630E-14   2.022E-10
    2.058E-01   5.801E-03  -1.500E-14   7.109E-11
    2.069E-01   5.660E-03  -2.744E-15   3.912E-11
    2.080E-01   5.344E-03   9.840E-15   3.607E-11
    2.091E-01   4.849E-03   8.400E-15   4.022E-11
    2.102E-01   4.380E-03  -2.604E-15   4.210E-11
    2.112E-01   3.985E-03  -1.776E-14   3.813E-11
    2.123E-01   3.799E-03  -5.099E-15   3.020E-11
    2.134E-01   3.878E-03   7.682E-15   2.145E-11
    2.145E-01   4.243E-03  -9.733E-15   1.376E-11
    2.155E-01   4.804E-03   4.748E-15   7.682E-12
    2.166E-01   5.442E-03  -1.685E-15   4.037E-12
    2.177E-01   6.139E-03   3.559E-15   1.769E-12
    2.188E-01   6.504E-03  -4.090E-15   8.079E-13
    2.198E-01   6.717E-03  -2.381E-15   3.714E-13
    2.209E-01   6.554E-03  -8.020E-15   2.679E-13
    2.220E-01   6.017E-03   3.936E-17   2.341E-13
    2.231E-01   5.510E-03   5.075E-15   2.138E-13
    2.242E-01   4.863E-03  -1.530E-15   1.711E-13
    2.252E-01   4.483E-03  -1.690E-15   1.268E-13
    2.263E-01   4.384E-03  -9.096E-15   7.850E-14
    2.274E-01   4.582E-03  -1.050E-14   4.608E-14
    2.285E-01   5.133E-03  -8.350E-15   2.234E-14
    2.295E-01   5.793E-03   7.554E-15   9.928E-15
    2.306E-01   6.519E-03  -4.812E-15   3.544E-15
    2.317E-01   6.988E-03   1.222E-15   1.409E-15
    2.328E-01   7.238E-03  -3.372E-15   5.918E-16
    2.339E-01   6.988E-03   1.398E-15   1.547E-15
    2.349E-01   6.527E-03   2.813E-14   1.040E-15
    2.360E-01   5.907E-03   5.155E-15  -9.299E-16
    2.371E-01   5.334E-03   1.412E-14   6.485E-16
    2.382E-01   5.034E-03   6.769E-15   3.542E-16
    2.392E-01   5.015E-03   3.346E-15   3.283E-16
    2.403E-01   5.455E-03   9.301E-16   2.452E-16
    2.414E-01   6.034E-03  -6.739E-15  -7.828E-17
    2.425E-01   6.707E-03   6.861E-15   1.613E-16
    2.436E-01   7.153E-03   2.259E-15  -3.742E-17
    2.446E-01   7.477E-03  -1.142E-15  -9.114E-17
    2.457E-01   7.233E-03   2.017E-14  -4.436E-16
    2.468E-01   6.848E-03   1.631E-14   2.755E-16
    2.479E-01   6.233E-03  -1.910E-14  -6.435E-16
    2.489E-01   5.806E-03   1.805E-14  -1.213E-15
    2.500E-01   5.614E-03  -8.096E-15   1.771E-16
    2.511E-01   5.752E-03  -1.185E-14  -2.557E-16
    2.522E-01   6.195E-03   1.735E-15   2.465E-16
    2.533E-01   6.815E-03   1.213E-15   4.632E-16
    2.543E-01   7.269E-03  -6.425E-15  -1.458E-16
    2.554E-01   7.499E-03   7.747E-15  -8.095E-17
    2.565E-01   7.411E-03  -4.977E-15  -7.011E-16
    2.576E-01   7.035E-03  -1.719E-15   2.462E-16
    2.586E-01   6.581E-03   5.611E-15  -1.112E-16
    2.597E-01   6.196E-03   1.620E-14  -2.616E-16
    2.608E-01   6.094E-03  -3.680E-15   9.670E-16
    2.619E-01   6.419E-03   1.346E-14  -4.838E-16
    2.630E-01   6.756E-03   9.262E-16  -9.046E-17
    2.640E-01   7.313E-03   3.058E-15   4.597E-16
    2.651E-01   7.557E-03   2.289E-15   2.425E-16
    2.662E-01   7.541E-03  -1.579E-15   2.505E-17
    2.673E-01   7.255E-03  -5.812E-15  -1.784E-16
    2.683E-01   6.827E-03   4.087E-15   3.730E-16
    2.694E-01   6.510E-03  -6.284E-15   6.222E-17
    2.705E-01   6.433E-03   9.268E-16  -5.169E-16
    2.716E-01   6.651E-03  -1.683E-14  -4.278E-16
    2.727E-01   7.120E-03   2.371E-14   4.988E-16
    2.737E-01   7.559E-03  -2.398E-15   2.743E-16
    2.748E-01   7.701E-03   5.974E-16  -2.217E-16
    2.759E-01   7.556E-03   4.002E-16   9.369E-17
    2.770E-01   7.213E-03  -4.877E-15  -2.634E-16
    2.780E-01   6.773E-03  -4.737E-15  -8.446E-17
    2.791E-01   6.450E-03   5.404E-15   2.289E-17
    2.802E-01   6.592E-03  -4.214E-15  -4.645E-17
    2.813E-01   6.993E-03   1.274E-14  -7.544E-17
    2.824E-01   7.490E-03   5.318E-15  -8.585E-17
    2.834E-01   7.805E-03  -3.534E-15  -1.335E-16
    2.845E-01   7.755E-03  -5.891E-16   2.057E-16
    2.856E-01   7.349E-03   1.149E-15   1.465E-16
    2.867E-01   6.785E-03   7.022E-15   2.160E-16
    2.877E-01   6.421E-03   5.797E-15   2.083E-16
    2.888E-01   6.473E-03  -1.488E-15   6.199E-17
    2.899E-01   6.821E-03  -1.433E-14   7.094E-17
    2.910E-01   7.395E-03   5.882E-17   6.974E-18
    2.921E-01   7.821E-03  -1.860E-15  -2.460E-16
    2.931E-01   7.797E-03  -3.159E-15   7.476E-17
    2.942E-01   7.256E-03   2.708E-15  -1.818E-16
    2.953E-01   6.587E-03   1.639E-15  -1.418E-16
    2.964E-01   6.188E-03   2.150E-15   1.159E-16
    2.974E-01   6.268E-03   6.127E-15  -9.260E-17
    2.985E-01   6.670E-03   6.814E-16  -1.723E-16
    2.996E-01   7.417E-03   1.107E-14  -1.357E-16
    3.007E-01   7.749E-03  -4.530E-16   1.009E-17
    3.018E-01   7.437E-03  -1.057E-15   5.625E-17
    3.028E-01   6.791E-03   4.691E-15  -6.061E-17
    3.039E-01   6.129E-03   2.382E-15   2.836E-17
    3.050E-01   5.831E-03   5.039E-15  -8.288E-17
    3.061E-01   6.176E-03  -7.074E-17   6.805E-17
    3.071E-01   6.741E-03   1.910E-15  -3.069E-17
    3.082E-01   7.359E-03  -2.676E-15  -1.037E-16
    3.093E-01   7.260E-03  -1.005E-15   5.275E-17
    3.104E-01   6.733E-03  -4.961E-15   1.083E-16
    3.115E-01   5.921E-03  -3.045E-15  -8.877E-17
    3.125E-01   5.513E-03  -8.590E-16   5.355E-17
    3.136E-01   5.674E-03  -2.814E-15   5.414E-19
    3.147E-01   6.242E-03  -9.146E-16  -1.193E-17
    3.158E-01   6.856E-03  -2.777E-15   1.829E-17
    3.168E-01   6.892E-03  -6.031E-16   3.665E-17
    3.179E-01   6.265E-03  -1.783E-15  -1.555E-17
    3.190E-01   5.497E-03  -7.991E-16  -2.703E-17
    3.201E-01   5.085E-03  -1.893E-15  -1.990E-17
    3.212E-01   5.328E-03  -2.015E-16  -9.633E-17
    3.222E-01   5.919E-03  -8.311E-16  -1.648E-17
    3.233E-01   6.414E-03   1.145E-15  -5.713E-17
    3.244E-01   6.180E-03  -3.216E-16  -1.509E-17
    3.255E-01   5.480E-03   1.185E-15  -1.698E-18
    3.265E-01   4.821E-03   2.545E-15  -5.967E-17
    3.276E-01   4.715E-03   3.236E-16  -8.285E-18
    3.287E-01   5.080E-03   1.165E-15   4.445E-17
    3.298E-01   5.688E-03   6.104E-16   3.601E-17
    3.309E-01   5.725E-03  -1.258E-15  -1.365E-17
    3.319E-01   5.229E-03  -8.424E-16  -1.686E-17
    3.330E-01   4.554E-03   1.119E-15  -5.614E-17
    3.341E-01   4.220E-03   2.406E-15   2.553E-17
    3.352E-01   4.513E-03  -3.698E-16  -2.015E-17
    3.362E-01   4.953E-03  -1.137E-15   2.608E-17
    3.373E-01   5.158E-03   3.395E-16   1.528E-18
    3.384E-01   4.776E-03  -3.119E-15   1.833E-18
    3.395E-01   4.052E-03  -2.332E-15   2.773E-17
    3.406E-01   3.775E-03   8.218E-16  -1.403E-17
    3.416E-01   4.037E-03   1.674E-15  -4.929E-17
    3.427E-01   4.435E-03  -3.221E-16   1.096E-17
    3.438E-01   4.531E-03   1.611E-15  -1.087E-17
    3.449E-01   4.036E-03  -9.961E-17  -3.441E-17
    3.459E-01   3.532E-03  -1.487E-15  -7.047E-18
    3.470E-01   3.379E-03   1.718E-16  -1.071E-17
    3.481E-01   3.640E-03   3.399E-16   2.246E-17
    3.492E-01   3.932E-03  -9.152E-16   2.863E-17
    3.503E-01   3.849E-03   1.424E-16  -1.789E-17
    3.513E-01   3.357E-03   2.926E-15   2.925E-17
    3.524E-01   2.964E-03   3.369E-16   4.499E-17
    3.535E-01   3.039E-03   1.557E-15  -2.406E-17
    3.546E-01   3.331E-03   4.196E-16  -3.274E-17
    3.556E-01   3.412E-03   6.548E-16  -2.376E-19
    3.567E-01   3.035E-03  -3.736E-15  -6.459E-17
    3.578E-01   2.673E-03   5.674E-16  -6.891E-18
    3.589E-01   2.593E-03   8.271E-16   1.199E-17
    3.599E-01   2.821E-03   6.094E-16   1.429E-17
    3.610E-01   2.927E-03  -5.491E-17   1.344E-17
    3.621E-01   2.685E-03  -9.426E-16  -2.227E-19
    3.632E-01   2.319E-03   6.981E-16  -1.980E-17
    3.643E-01   2.250E-03  -1.892E-15   2.616E-17
    3.653E-01   2.415E-03   1.582E-15  -1.249E-17
    3.664E-01   2.474E-03  -2.646E-16  -2.815E-18
    3.675E-01   2.283E-03   7.388E-16   1.174E-17
    3.686E-01   1.983E-03  -1.716E-15   2.729E-18
    3.696E-01   1.937E-03   5.133E-17  -4.249E-17
    3.707E-01   2.082E-03   1.127E-16  -1.604E-17
    3.718E-01   2.075E-03   7.980E-17   6.947E-18
    3.729E-01   1.899E-03   1.360E-15  -8.908E-18
    3.740E-01   1.648E-03   1.887E-15   4.460E-18
    3.750E-01   1.684E-03   9.062E-17   2.899E-17
    3.761E-01   1.785E-03  -1.164E-15   2.806E-17
    3.772E-01   1.720E-03   9.843E-16   1.095E-17
    3.783E-01   1.513E-03   9.856E-16   3.271E-18
    3.793E-01   1.390E-03   1.290E-15  -1.654E-17
    3.804E-01   1.487E-03   2.395E-16  -7.736E-19
    3.815E-01   1.495E-03  -3.630E-17  -1.232E-17
    3.826E-01   1.360E-03   3.836E-17  -2.862E-17
    3.837E-01   1.188E-03   4.250E-16  -1.553E-17
    3.847E-01   1.238E-03  -8.887E-16  -1.841E-17
    3.858E-01   1.275E-03  -1.730E-16  -1.283E-17
    3.869E-01   1.195E-03   3.283E-16   6.209E-19
    3.880E-01   1.039E-03   4.776E-17   1.138E-17
    3.890E-01   1.015E-03   4.357E-16  -1.136E-17
    3.901E-01   1.084E-03   1.004E-15   1.280E-17
    3.912E-01   1.029E-03   4.908E-16  -1.678E-18
    3.923E-01   8.996E-04   7.523E-16  -1.469E-18
    3.934E-01   8.494E-04   1.221E-15   3.186E-18
    3.944E-01   9.182E-04  -2.192E-16  -6.511E-18
    3.955E-01   8.669E-04   9.008E-17   2.549E-18
    3.966E-01   7.698E-04   2.567E-16   6.400E-19
    3.977E-01   7.138E-04  -2.495E-17  -1.043E-17
    3.987E-01   7.798E-04   7.501E-16  -4.159E-18
    3.998E-01   7.338E-04   1.473E-17   3.330E-18
    4.009E-01   6.407E-04  -3.058E-16  -1.059E-17
    4.020E-01   6.081E-04   1.835E-16  -4.220E-18
    4.031E-01   6.674E-04   4.453E-16   4.249E-18
    4.041E-01   6.071E-04  -2.712E-16  -3.699E-18
    4.052E-01   5.349E-04   1.879E-16  -6.369E-19
    4.063E-01   5.268E-04   3.943E-16   9.221E-19
    4.074E-01   5.623E-04   1.363E-16   3.358E-18
    4.084E-01   5.030E-04   1.489E-16   7.910E-19
    4.095E-01   4.437E-04   1.603E-16   1.444E-18
    4.106E-01   4.661E-04   9.523E-16   3.619E-18
    4.117E-01   4.673E-04   7.850E-17   7.016E-18
    4.128E-01   7.150E-04  -2.297E-14  -1.027E-14
    4.138E-01   3.041E-03  -8.139E-12  -1.529E-14
    4.149E-01   3.465E-03   2.337E-12   1.944E-14
    4.160E-01   3.167E-03  -1.712E-12   3.555E-14
    4.171E-01   2.754E-03  -4.088E-12   3.894E-14
    4.181E-01   2.767E-03  -1.904E-12   1.826E-14
    4.192E-01   3.006E-03  -1.461E-12   4.396E-14
    4.203E-01   2.594E-03  -6.173E-14   5.540E-14
    4.214E-01   1.080E-03  -3.983E-13  -3.366E-14
    4.225E-01   0.000E+00   0.000E+00   0.000E+00
    4.235E-01   0.000E+00   0.000E+00   0.000E+00
    4.246E-01   0.000E+00   0.000E+00   0.000E+00
    4.257E-01   0.000E+00   0.000E+00   0.000E+00
    4.268E-01   0.000E+00   0.000E+00   0.000E+00
    4.278E-01   0.000E+00   0.000E+00   0.000E+00
    4.289E-01   0.000E+00   0.000E+00   0.000E+00
