 *****************************************************
 amplitudes of the eigenvectors s; conn. coefs.  
  of the solution 
  
 Left (High field) side 
 ---------------------- 
  

    i    Re(s)       Im(s)      abs(s)      |s|**2     Re(flux)    Im(Flux)   

  
    1  -8.549E-16  -6.635E-16   1.082E-15   1.171E-30  -1.171E-30  -3.709E-32
    2  -4.636E-01   6.918E-02   4.687E-01   2.197E-01   2.197E-01  -6.951E-03
    3   2.847E-18  -2.547E-18   3.820E-18   1.459E-35  -1.459E-35  -4.092E-34
    4  -7.858E-06  -1.060E-05   1.319E-05   1.741E-10   1.741E-10   4.882E-09
    5  -7.607E-17   1.490E-17   7.752E-17   6.009E-33  -6.009E-33   5.152E-35
    6  -2.795E-02   7.225E-03   2.887E-02   8.335E-04   8.335E-04  -7.253E-06
    7   7.122E-19  -1.949E-18   2.075E-18   4.304E-36  -4.304E-36  -1.621E-38
    8  -1.077E-04   1.876E-04   2.163E-04   4.679E-08   4.679E-08  -1.559E-10
    9   1.120E-18   5.019E-19   1.228E-18   1.507E-36  -1.507E-36  -3.149E-30
   10  -1.604E-10  -9.861E-11   1.883E-10   3.546E-20   3.546E-20   7.410E-14
   11   5.957E-21  -7.452E-22   6.004E-21   3.604E-41  -3.604E-41  -2.602E-45
   12  -3.766E-14  -9.432E-12   9.432E-12   8.897E-23   8.897E-23   2.419E-26
  
 Right (Low field) side 
 ---------------------- 
  
    1   1.770E-01   2.572E-02   1.788E-01   3.198E-02  -3.198E-02  -1.923E-04
    2   1.000E+00   4.272E-16   1.000E+00   1.000E+00   1.000E+00  -6.012E-03
    3  -1.965E-03   6.869E-03   7.145E-03   5.104E-05  -5.104E-05   6.454E-02
    4  -2.178E-17   3.155E-18   2.201E-17   4.845E-34   4.845E-34  -6.033E-31
    5   9.920E-07   8.370E-06   8.429E-06   7.105E-11  -7.105E-11  -6.489E-08
    6   5.322E-18  -2.252E-18   5.779E-18   3.340E-35   3.340E-35   3.097E-32
    7   7.058E-06   1.032E-05   1.250E-05   1.563E-10  -1.563E-10   2.259E-13
    8  -1.286E-18   5.155E-18   5.313E-18   2.823E-35   2.823E-35   4.080E-38
    9   6.914E-14   5.201E-14   8.652E-14   7.486E-27  -7.486E-27  -1.702E-18
   10   3.735E-23  -5.802E-23   6.901E-23   4.762E-45   4.762E-45   1.079E-36
   11   3.444E-12   2.189E-12   4.081E-12   1.666E-23  -1.666E-23  -1.292E-16
   12   5.692E-23   2.357E-23   6.161E-23   3.796E-45   3.796E-45   2.944E-38
  
 *****************************************************
