    0.000E+00   6.940E-01   2.389E+00   1.916E+01
    1.078E-03   2.335E-01   7.513E-01   6.427E+00
    2.155E-03   1.395E-01   4.192E-01   3.846E+00
    3.233E-03   9.820E-02   2.725E-01   2.725E+00
    4.311E-03   7.545E-02   1.944E-01   2.115E+00
    5.388E-03   6.092E-02   1.461E-01   1.730E+00
    6.466E-03   5.070E-02   1.123E-01   1.465E+00
    7.544E-03   4.313E-02   8.806E-02   1.272E+00
    8.622E-03   3.736E-02   7.071E-02   1.124E+00
    9.699E-03   3.260E-02   5.689E-02   1.004E+00
    1.078E-02   2.876E-02   4.589E-02   9.090E-01
    1.185E-02   2.565E-02   3.775E-02   8.300E-01
    1.293E-02   2.302E-02   3.119E-02   7.628E-01
    1.401E-02   2.066E-02   2.531E-02   7.041E-01
    1.509E-02   1.871E-02   2.100E-02   6.527E-01
    1.617E-02   1.694E-02   1.738E-02   6.046E-01
    1.724E-02   1.539E-02   1.423E-02   5.628E-01
    1.832E-02   1.410E-02   1.179E-02   5.268E-01
    1.940E-02   1.288E-02   9.761E-03   4.901E-01
    2.048E-02   1.177E-02   8.006E-03   4.557E-01
    2.155E-02   1.084E-02   6.560E-03   4.265E-01
    2.263E-02   1.001E-02   5.436E-03   3.984E-01
    2.371E-02   9.235E-03   4.480E-03   3.705E-01
    2.479E-02   8.558E-03   3.615E-03   3.452E-01
    2.586E-02   7.939E-03   2.973E-03   3.203E-01
    2.694E-02   7.387E-03   2.440E-03   2.969E-01
    2.802E-02   6.930E-03   1.980E-03   2.759E-01
    2.910E-02   6.508E-03   1.608E-03   2.551E-01
    3.018E-02   6.148E-03   1.320E-03   2.362E-01
    3.125E-02   5.804E-03   1.071E-03   2.171E-01
    3.233E-02   5.519E-03   8.561E-04   1.988E-01
    3.341E-02   5.286E-03   7.015E-04   1.830E-01
    3.449E-02   5.086E-03   5.742E-04   1.680E-01
    3.556E-02   4.917E-03   4.594E-04   1.527E-01
    3.664E-02   4.763E-03   3.724E-04   1.386E-01
    3.772E-02   4.654E-03   3.057E-04   1.264E-01
    3.880E-02   4.589E-03   2.500E-04   1.150E-01
    3.987E-02   4.518E-03   2.004E-04   1.029E-01
    4.095E-02   4.479E-03   1.654E-04   9.312E-02
    4.203E-02   4.456E-03   1.367E-04   8.402E-02
    4.311E-02   4.448E-03   1.104E-04   7.448E-02
    4.419E-02   4.481E-03   9.148E-05   6.686E-02
    4.526E-02   4.486E-03   7.591E-05   5.960E-02
    4.634E-02   4.524E-03   6.298E-05   5.302E-02
    4.742E-02   4.587E-03   5.153E-05   4.656E-02
    4.850E-02   4.639E-03   4.320E-05   4.133E-02
    4.957E-02   4.696E-03   3.623E-05   3.658E-02
    5.065E-02   4.776E-03   2.988E-05   3.190E-02
    5.173E-02   4.833E-03   2.476E-05   2.778E-02
    5.281E-02   4.900E-03   2.080E-05   2.440E-02
    5.388E-02   4.968E-03   1.744E-05   2.135E-02
    5.496E-02   5.064E-03   1.423E-05   1.828E-02
    5.604E-02   5.130E-03   1.191E-05   1.593E-02
    5.712E-02   5.193E-03   9.950E-06   1.385E-02
    5.820E-02   5.241E-03   8.170E-06   1.187E-02
    5.927E-02   5.333E-03   6.689E-06   1.017E-02
    6.035E-02   5.361E-03   5.522E-06   8.753E-03
    6.143E-02   5.404E-03   4.559E-06   7.550E-03
    6.251E-02   5.455E-03   3.672E-06   6.403E-03
    6.358E-02   5.489E-03   2.979E-06   5.470E-03
    6.466E-02   5.488E-03   2.424E-06   4.687E-03
    6.574E-02   5.500E-03   1.970E-06   4.028E-03
    6.682E-02   5.540E-03   1.551E-06   3.400E-03
    6.789E-02   5.513E-03   1.243E-06   2.909E-03
    6.897E-02   5.498E-03   9.979E-07   2.504E-03
    7.005E-02   5.477E-03   7.914E-07   2.148E-03
    7.113E-02   5.428E-03   6.083E-07   1.813E-03
    7.221E-02   5.407E-03   4.838E-07   1.575E-03
    7.328E-02   5.335E-03   3.795E-07   1.359E-03
    7.436E-02   5.276E-03   2.933E-07   1.172E-03
    7.544E-02   5.208E-03   2.230E-07   1.008E-03
    7.652E-02   5.130E-03   1.733E-07   8.819E-04
    7.759E-02   5.046E-03   1.338E-07   7.732E-04
    7.867E-02   4.952E-03   1.006E-07   6.731E-04
    7.975E-02   4.830E-03   7.509E-08   5.861E-04
    8.083E-02   4.724E-03   5.722E-08   5.186E-04
    8.190E-02   4.632E-03   4.348E-08   4.615E-04
    8.298E-02   4.473E-03   3.160E-08   4.022E-04
    8.406E-02   4.365E-03   2.339E-08   3.570E-04
    8.514E-02   4.239E-03   1.747E-08   3.181E-04
    8.622E-02   4.110E-03   1.295E-08   2.835E-04
    8.729E-02   3.953E-03   9.217E-09   2.488E-04
    8.837E-02   3.815E-03   6.675E-09   2.207E-04
    8.945E-02   3.680E-03   4.887E-09   1.967E-04
    9.053E-02   3.544E-03   3.553E-09   1.751E-04
    9.160E-02   3.397E-03   2.483E-09   1.539E-04
    9.268E-02   3.244E-03   1.754E-09   1.353E-04
    9.376E-02   3.123E-03   1.265E-09   1.204E-04
    9.484E-02   2.978E-03   8.972E-10   1.060E-04
    9.591E-02   2.838E-03   6.157E-10   9.245E-05
    9.699E-02   2.706E-03   4.271E-10   8.079E-05
    9.807E-02   2.583E-03   3.010E-10   7.091E-05
    9.915E-02   2.463E-03   2.108E-10   6.205E-05
    1.002E-01   2.331E-03   1.416E-10   5.333E-05
    1.013E-01   2.224E-03   9.601E-11   4.612E-05
    1.024E-01   2.119E-03   6.661E-11   3.999E-05
    1.035E-01   2.011E-03   4.559E-11   3.441E-05
    1.045E-01   1.906E-03   3.063E-11   2.925E-05
    1.056E-01   1.820E-03   2.041E-11   2.487E-05
    1.067E-01   1.739E-03   1.390E-11   2.128E-05
    1.078E-01   1.665E-03   9.484E-12   1.813E-05
    1.088E-01   1.576E-03   6.513E-12   1.515E-05
    1.099E-01   1.529E-03   4.078E-12   1.271E-05
    1.110E-01   1.469E-03   2.681E-12   1.068E-05
    1.121E-01   1.421E-03   1.825E-12   8.974E-06
    1.132E-01   1.380E-03   1.478E-12   7.507E-06
    1.142E-01   1.342E-03   8.592E-13   6.099E-06
    1.153E-01   1.309E-03   5.919E-13   5.041E-06
    1.164E-01   1.287E-03   3.970E-13   4.174E-06
    1.175E-01   1.266E-03   9.086E-14   3.427E-06
    1.185E-01   1.266E-03   1.342E-13   2.789E-06
    1.196E-01   1.251E-03   3.959E-14   2.237E-06
    1.207E-01   1.257E-03   6.269E-14   1.832E-06
    1.218E-01   1.262E-03   9.959E-15   1.487E-06
    1.229E-01   1.267E-03   2.562E-14   1.189E-06
    1.239E-01   1.283E-03   2.385E-14   9.347E-07
    1.250E-01   1.301E-03   2.589E-14   7.512E-07
    1.261E-01   1.322E-03  -3.354E-14   6.009E-07
    1.272E-01   1.345E-03  -6.914E-14   4.783E-07
    1.282E-01   1.376E-03   3.349E-15   3.694E-07
    1.293E-01   1.399E-03   9.973E-14   2.889E-07
    1.304E-01   1.423E-03   8.116E-15   2.269E-07
    1.315E-01   1.466E-03   4.246E-15   1.795E-07
    1.326E-01   1.487E-03   5.410E-14   1.379E-07
    1.336E-01   1.536E-03   6.806E-14   1.053E-07
    1.347E-01   1.562E-03  -1.801E-14   8.145E-08
    1.358E-01   1.594E-03  -4.079E-14   6.300E-08
    1.369E-01   1.612E-03   3.074E-14   4.811E-08
    1.379E-01   1.653E-03  -7.211E-14   3.622E-08
    1.390E-01   1.691E-03  -1.067E-14   2.748E-08
    1.401E-01   1.704E-03   1.100E-13   2.084E-08
    1.412E-01   1.729E-03  -5.327E-14   1.587E-08
    1.423E-01   1.759E-03  -8.927E-14   1.209E-08
    1.433E-01   1.791E-03  -1.394E-13   8.821E-09
    1.444E-01   1.794E-03  -4.360E-14   6.620E-09
    1.455E-01   1.802E-03  -5.267E-14   4.981E-09
    1.466E-01   1.814E-03  -8.182E-14   3.752E-09
    1.476E-01   1.831E-03  -9.907E-14   2.807E-09
    1.487E-01   1.846E-03  -1.331E-14   2.049E-09
    1.498E-01   1.841E-03   7.459E-14   1.535E-09
    1.509E-01   1.825E-03   6.892E-14   1.145E-09
    1.520E-01   1.836E-03  -4.222E-14   8.664E-10
    1.530E-01   1.813E-03  -2.626E-14   6.347E-10
    1.541E-01   1.810E-03   5.816E-14   4.683E-10
    1.552E-01   1.795E-03  -3.232E-14   3.533E-10
    1.563E-01   1.778E-03   9.304E-15   2.664E-10
    1.573E-01   1.758E-03   2.821E-14   2.008E-10
    1.584E-01   1.726E-03   1.487E-14   1.481E-10
    1.595E-01   1.692E-03   2.771E-15   1.097E-10
    1.606E-01   1.670E-03   3.860E-15   8.369E-11
    1.617E-01   1.631E-03  -2.515E-15   6.331E-11
    1.627E-01   1.618E-03   1.914E-15   4.864E-11
    1.638E-01   1.560E-03   4.704E-14   3.577E-11
    1.649E-01   1.514E-03   1.056E-14   2.661E-11
    1.660E-01   1.481E-03  -4.790E-15   2.035E-11
    1.670E-01   1.446E-03   3.544E-15   1.553E-11
    1.681E-01   1.398E-03  -9.307E-15   1.172E-11
    1.692E-01   1.353E-03  -3.352E-14   8.756E-12
    1.703E-01   1.300E-03   1.162E-14   6.439E-12
    1.714E-01   1.256E-03  -1.107E-13   4.869E-12
    1.724E-01   1.216E-03  -1.159E-13   3.683E-12
    1.735E-01   1.161E-03  -1.224E-14   2.739E-12
    1.746E-01   1.125E-03   1.659E-13   2.056E-12
    1.757E-01   1.066E-03   2.244E-14   1.472E-12
    1.767E-01   1.026E-03   7.605E-15   1.101E-12
    1.778E-01   9.826E-04   1.479E-14   8.145E-13
    1.789E-01   9.358E-04   4.890E-14   5.965E-13
    1.800E-01   8.941E-04   1.051E-13   4.319E-13
    1.811E-01   8.498E-04   5.917E-14   3.059E-13
    1.821E-01   8.064E-04   2.726E-14   2.219E-13
    1.832E-01   7.722E-04  -6.989E-14   1.631E-13
    1.843E-01   7.360E-04  -7.275E-14   1.122E-13
    1.854E-01   7.014E-04  -6.424E-15   8.936E-14
    1.864E-01   6.673E-04  -1.778E-13   5.775E-14
    1.875E-01   6.288E-04   9.240E-15   4.455E-14
    1.886E-01   6.029E-04   6.985E-15   2.934E-14
    1.897E-01   5.761E-04  -7.008E-14   1.575E-14
    1.908E-01   5.513E-04  -5.410E-14   1.005E-14
    1.918E-01   5.262E-04   9.383E-14   6.999E-15
    1.929E-01   5.060E-04   4.669E-14   9.195E-15
    1.940E-01   4.828E-04   3.730E-14   8.938E-15
    1.951E-01   4.704E-04  -5.411E-14   3.299E-15
    1.961E-01   4.538E-04  -5.769E-14   7.549E-16
    1.972E-01   4.392E-04   4.024E-14   3.461E-16
    1.983E-01   4.302E-04  -1.486E-13   4.247E-15
    1.994E-01   4.187E-04   3.569E-14  -3.330E-15
    2.005E-01   4.117E-04   4.807E-16   2.676E-15
    2.015E-01   4.080E-04   1.592E-14  -2.098E-16
    2.026E-01   4.024E-04  -2.170E-14  -6.909E-16
    2.037E-01   3.999E-04  -1.310E-14  -9.032E-16
    2.048E-01   3.989E-04  -8.021E-15  -6.112E-16
    2.058E-01   3.977E-04  -2.325E-15  -6.923E-16
    2.069E-01   3.993E-04  -1.342E-15   3.191E-16
    2.080E-01   4.018E-04   1.415E-15   2.414E-16
    2.091E-01   4.070E-04  -1.708E-14   3.081E-16
    2.102E-01   4.096E-04   1.179E-15   1.093E-15
    2.112E-01   4.110E-04   4.563E-14   4.891E-16
    2.123E-01   4.228E-04   8.658E-16   1.349E-15
    2.134E-01   4.253E-04  -2.268E-14  -9.871E-16
    2.145E-01   4.317E-04  -3.306E-14  -1.361E-15
    2.155E-01   4.403E-04  -1.173E-14  -3.514E-16
    2.166E-01   4.471E-04  -3.312E-14  -1.429E-16
    2.177E-01   4.501E-04  -8.001E-15  -2.996E-15
    2.188E-01   4.599E-04   5.875E-14  -1.743E-15
    2.198E-01   4.625E-04   4.791E-14   1.533E-15
    2.209E-01   4.709E-04  -3.417E-14  -6.685E-16
    2.220E-01   4.790E-04  -2.168E-14  -1.660E-15
    2.231E-01   4.847E-04   5.429E-14  -1.288E-15
    2.242E-01   4.857E-04   3.367E-14  -3.122E-15
    2.252E-01   4.929E-04  -2.745E-14  -1.941E-15
    2.263E-01   4.951E-04   1.887E-14   2.380E-15
    2.274E-01   5.006E-04  -3.894E-14  -7.814E-16
    2.285E-01   5.011E-04  -4.456E-14  -1.427E-15
    2.295E-01   5.053E-04  -1.795E-14  -1.635E-15
    2.306E-01   5.021E-04  -2.283E-14  -2.384E-16
    2.317E-01   5.070E-04  -6.540E-14  -5.056E-16
    2.328E-01   5.046E-04  -5.499E-14   2.126E-16
    2.339E-01   5.012E-04   2.644E-14   1.534E-15
    2.349E-01   4.993E-04  -4.140E-14   2.221E-15
    2.360E-01   4.965E-04   1.506E-14  -1.597E-15
    2.371E-01   4.951E-04   2.994E-15  -6.566E-16
    2.382E-01   4.886E-04   3.077E-15  -1.158E-15
    2.392E-01   4.794E-04   4.821E-14   9.721E-16
    2.403E-01   4.794E-04  -2.352E-14  -4.161E-16
    2.414E-01   4.687E-04   6.199E-15   6.372E-16
    2.425E-01   4.615E-04  -3.135E-14   3.305E-16
    2.436E-01   4.536E-04  -3.104E-15   3.159E-16
    2.446E-01   4.452E-04  -5.222E-15   4.425E-16
    2.457E-01   4.362E-04   1.058E-14  -1.872E-17
    2.468E-01   4.286E-04  -2.579E-15   1.601E-16
    2.479E-01   4.140E-04   3.681E-16  -9.053E-17
    2.489E-01   4.036E-04   4.562E-15   1.759E-16
    2.500E-01   3.929E-04   5.816E-15   1.884E-16
    2.511E-01   3.802E-04  -4.969E-15  -3.074E-16
    2.522E-01   3.706E-04   9.921E-15   1.665E-16
    2.533E-01   3.590E-04  -1.225E-15  -4.836E-16
    2.543E-01   3.473E-04  -2.954E-15  -2.767E-16
    2.554E-01   3.348E-04  -5.485E-15  -5.107E-17
    2.565E-01   3.209E-04  -2.686E-14   1.440E-15
    2.576E-01   3.090E-04  -3.722E-14   3.808E-16
    2.586E-01   2.984E-04  -1.273E-14  -5.450E-16
    2.597E-01   2.839E-04  -1.175E-14   3.325E-16
    2.608E-01   2.735E-04   3.884E-14  -4.271E-16
    2.619E-01   2.607E-04   1.535E-14  -3.310E-16
    2.630E-01   2.515E-04  -6.961E-15  -1.322E-16
    2.640E-01   2.361E-04  -6.355E-14   1.341E-15
    2.651E-01   2.261E-04   8.790E-15   1.635E-15
    2.662E-01   2.145E-04  -1.230E-15   1.696E-15
    2.673E-01   2.051E-04  -1.765E-14  -7.030E-16
    2.683E-01   1.958E-04  -2.235E-14  -2.456E-15
    2.694E-01   1.844E-04   1.582E-15  -2.962E-15
    2.705E-01   1.750E-04   1.299E-14   2.223E-16
    2.716E-01   1.661E-04   5.934E-14   1.197E-15
    2.727E-01   1.576E-04  -2.357E-14  -1.245E-15
    2.737E-01   1.485E-04   4.122E-14  -1.494E-15
    2.748E-01   1.401E-04   3.469E-14   1.387E-15
    2.759E-01   1.334E-04   2.391E-14   2.363E-16
    2.770E-01   1.259E-04   1.927E-14   3.510E-16
    2.780E-01   1.193E-04  -8.550E-15  -8.202E-16
    2.791E-01   1.132E-04  -4.954E-14  -2.595E-16
    2.802E-01   1.075E-04  -5.603E-14   1.205E-15
    2.813E-01   1.016E-04   3.506E-14   9.321E-16
    2.824E-01   9.763E-05   2.143E-14  -1.608E-15
    2.834E-01   9.182E-05   8.386E-15  -1.110E-15
    2.845E-01   8.767E-05   4.545E-15  -1.345E-16
    2.856E-01   8.387E-05  -5.663E-15   1.093E-16
    2.867E-01   8.040E-05   5.623E-15   5.871E-17
    2.877E-01   7.760E-05  -9.187E-15   1.311E-16
    2.888E-01   7.373E-05  -2.629E-14   4.621E-16
    2.899E-01   7.186E-05   2.228E-14   1.324E-15
    2.910E-01   6.956E-05  -5.597E-15  -5.194E-18
    2.921E-01   6.681E-05  -5.450E-15   9.526E-16
    2.931E-01   6.567E-05   1.792E-14  -1.943E-16
    2.942E-01   6.386E-05   1.318E-14   2.821E-17
    2.953E-01   6.254E-05  -2.795E-15  -9.929E-17
    2.964E-01   6.113E-05  -2.181E-15   7.115E-17
    2.974E-01   6.017E-05  -2.230E-15   1.969E-16
    2.985E-01   5.963E-05  -3.809E-15   1.091E-16
    2.996E-01   5.894E-05  -1.488E-16  -1.886E-17
    3.007E-01   5.812E-05  -2.545E-16   1.775E-17
    3.018E-01   5.765E-05  -8.760E-16  -2.603E-17
    3.028E-01   5.702E-05   1.901E-16  -4.382E-16
    3.039E-01   5.647E-05  -1.211E-15  -6.309E-18
    3.050E-01   5.675E-05  -4.052E-15   2.467E-16
    3.061E-01   5.656E-05  -8.288E-15  -2.664E-16
    3.071E-01   5.614E-05  -3.251E-15  -9.278E-17
    3.082E-01   5.600E-05  -1.461E-16   2.841E-18
    3.093E-01   5.587E-05  -7.928E-16   1.971E-16
    3.104E-01   5.574E-05  -5.823E-15  -6.421E-17
    3.115E-01   5.535E-05  -4.059E-15   3.406E-16
    3.125E-01   5.519E-05  -7.738E-15   6.740E-16
    3.136E-01   5.550E-05   1.152E-14  -6.273E-16
    3.147E-01   5.452E-05   4.325E-15  -1.131E-16
    3.158E-01   5.452E-05  -9.830E-15   1.185E-17
    3.168E-01   5.421E-05  -1.229E-14  -2.895E-16
    3.179E-01   5.362E-05  -8.382E-15  -3.953E-16
    3.190E-01   5.322E-05   3.814E-15  -2.503E-19
    3.201E-01   5.277E-05   1.397E-14   3.835E-16
    3.212E-01   5.251E-05   1.319E-14  -2.046E-17
    3.222E-01   5.171E-05   4.489E-15   5.864E-16
    3.233E-01   5.085E-05  -1.509E-14   9.188E-16
    3.244E-01   5.065E-05  -1.325E-14   3.929E-16
    3.255E-01   4.921E-05  -2.842E-15  -3.747E-16
    3.265E-01   4.908E-05   4.393E-15   3.248E-17
    3.276E-01   4.757E-05  -3.306E-15  -5.938E-17
    3.287E-01   4.690E-05  -8.160E-15   4.801E-18
    3.298E-01   4.575E-05  -6.797E-15   1.104E-16
    3.309E-01   4.498E-05   6.343E-15  -1.371E-16
    3.319E-01   4.396E-05   5.813E-17  -4.182E-16
    3.330E-01   4.269E-05  -7.558E-15  -1.313E-16
    3.341E-01   4.179E-05  -1.533E-14  -1.748E-16
    3.352E-01   4.046E-05  -4.964E-15  -3.652E-17
    3.362E-01   3.948E-05  -1.171E-15   1.002E-16
    3.373E-01   3.776E-05  -1.250E-16   2.816E-16
    3.384E-01   3.709E-05  -3.906E-15  -1.036E-18
    3.395E-01   3.565E-05   3.224E-15  -4.534E-17
    3.406E-01   3.422E-05  -6.400E-15  -1.326E-16
    3.416E-01   3.283E-05  -7.311E-16  -1.639E-16
    3.427E-01   3.188E-05   3.412E-16  -1.398E-17
    3.438E-01   3.048E-05  -2.663E-16  -1.201E-17
    3.449E-01   2.910E-05  -1.738E-15  -7.817E-17
    3.459E-01   2.800E-05   1.328E-15  -1.491E-17
    3.470E-01   2.664E-05   1.120E-15  -9.236E-18
    3.481E-01   2.543E-05  -6.638E-16   1.737E-17
    3.492E-01   2.435E-05  -3.575E-16  -4.678E-18
    3.503E-01   2.305E-05   8.086E-16  -2.602E-18
    3.513E-01   2.200E-05   1.482E-15   2.163E-17
    3.524E-01   2.056E-05   1.465E-15  -2.554E-17
    3.535E-01   1.965E-05  -6.981E-16   1.040E-17
    3.546E-01   1.848E-05   6.047E-15  -2.387E-17
    3.556E-01   1.749E-05  -3.834E-16   4.797E-18
    3.567E-01   1.636E-05  -8.286E-15   1.310E-16
    3.578E-01   1.531E-05  -1.028E-14   8.834E-17
    3.589E-01   1.450E-05  -1.181E-15  -5.577E-17
    3.599E-01   1.346E-05   6.391E-15  -6.519E-17
    3.610E-01   1.265E-05  -2.324E-15  -2.434E-16
    3.621E-01   1.175E-05   2.460E-15  -1.518E-17
    3.632E-01   1.095E-05   4.480E-15   6.181E-17
    3.643E-01   1.019E-05   5.740E-16  -1.462E-16
    3.653E-01   9.420E-06  -1.340E-15  -2.796E-17
    3.664E-01   8.775E-06  -5.180E-15   4.750E-17
    3.675E-01   8.083E-06  -2.898E-15   1.892E-16
    3.686E-01   7.503E-06   3.997E-15   2.339E-16
    3.696E-01   6.885E-06   1.493E-15   1.903E-16
    3.707E-01   6.369E-06   2.732E-16   6.082E-17
    3.718E-01   5.796E-06  -4.090E-16   1.229E-16
    3.729E-01   5.345E-06   7.177E-15   1.843E-16
    3.740E-01   4.918E-06  -1.089E-15  -4.599E-17
    3.750E-01   4.450E-06   8.514E-16  -1.319E-16
    3.761E-01   4.050E-06  -5.399E-15  -2.737E-16
    3.772E-01   3.709E-06  -3.066E-15  -9.293E-17
    3.783E-01   3.360E-06   5.661E-15  -9.694E-18
    3.793E-01   3.027E-06  -2.287E-15  -1.729E-16
    3.804E-01   2.773E-06   3.611E-15   4.878E-17
    3.815E-01   2.513E-06   2.013E-16  -7.445E-17
    3.826E-01   2.264E-06  -1.099E-15  -2.292E-16
    3.837E-01   2.056E-06  -2.081E-15  -3.225E-17
    3.847E-01   1.847E-06  -2.481E-15   5.821E-18
    3.858E-01   1.665E-06  -1.832E-15   7.984E-17
    3.869E-01   1.493E-06   1.134E-15   9.165E-17
    3.880E-01   1.344E-06  -3.165E-17   1.004E-16
    3.890E-01   1.215E-06  -2.057E-15  -8.283E-17
    3.901E-01   1.086E-06   1.116E-15  -8.621E-17
    3.912E-01   9.750E-07   4.591E-15   9.416E-17
    3.923E-01   8.749E-07   1.666E-15   3.818E-17
    3.934E-01   7.883E-07  -1.388E-15  -4.249E-17
    3.944E-01   7.031E-07  -7.748E-15   3.720E-17
    3.955E-01   6.271E-07  -2.880E-15   8.747E-17
    3.966E-01   5.648E-07  -1.479E-15   1.223E-16
    3.977E-01   5.012E-07  -1.382E-15  -2.150E-18
    3.987E-01   4.538E-07   2.110E-15  -5.034E-17
    3.998E-01   4.047E-07   4.178E-15  -1.114E-17
    4.009E-01   3.611E-07  -4.947E-16   1.134E-17
    4.020E-01   3.240E-07  -4.295E-16  -5.934E-17
    4.031E-01   2.934E-07  -2.092E-16  -1.139E-16
    4.041E-01   2.058E-06  -1.094E-11  -8.909E-13
    4.052E-01   1.906E-06   1.592E-11   1.167E-12
    4.063E-01   1.660E-06  -3.848E-11  -7.631E-13
    4.074E-01   1.428E-06   7.872E-12  -1.990E-13
    4.084E-01   1.126E-06   1.101E-11  -2.027E-14
    4.095E-01   8.025E-07  -4.267E-12  -2.082E-13
    4.106E-01   6.739E-07   2.833E-12   7.355E-13
    4.117E-01   2.191E-06  -2.733E-12   3.421E-13
    4.128E-01   1.308E-05   8.124E-12  -1.452E-13
    4.138E-01   7.224E-05   3.353E-12  -4.974E-13
    4.149E-01   3.765E-04  -1.384E-11   1.704E-12
    4.160E-01   1.820E-03  -4.709E-11   2.347E-13
    4.171E-01   0.000E+00   0.000E+00   0.000E+00
    4.181E-01   0.000E+00   0.000E+00   0.000E+00
    4.192E-01   0.000E+00   0.000E+00   0.000E+00
    4.203E-01   0.000E+00   0.000E+00   0.000E+00
    4.214E-01   0.000E+00   0.000E+00   0.000E+00
    4.225E-01   0.000E+00   0.000E+00   0.000E+00
    4.235E-01   0.000E+00   0.000E+00   0.000E+00
    4.246E-01   0.000E+00   0.000E+00   0.000E+00
    4.257E-01   0.000E+00   0.000E+00   0.000E+00
    4.268E-01   0.000E+00   0.000E+00   0.000E+00
    4.278E-01   0.000E+00   0.000E+00   0.000E+00
    4.289E-01   0.000E+00   0.000E+00   0.000E+00
