    0.000E+00   3.835E-05   3.362E-06   3.499E-05
    1.078E-03   1.024E-04   6.698E-06   9.567E-05
    2.155E-03   1.846E-04   1.002E-05   1.746E-04
    3.233E-03   2.825E-04   1.331E-05   2.692E-04
    4.311E-03   3.938E-04   1.656E-05   3.773E-04
    5.388E-03   5.185E-04   1.977E-05   4.988E-04
    6.466E-03   6.564E-04   2.295E-05   6.335E-04
    7.544E-03   8.069E-04   2.607E-05   7.808E-04
    8.622E-03   9.700E-04   2.913E-05   9.408E-04
    9.699E-03   1.146E-03   3.214E-05   1.114E-03
    1.078E-02   1.337E-03   3.508E-05   1.302E-03
    1.185E-02   1.540E-03   3.795E-05   1.502E-03
    1.293E-02   1.758E-03   4.076E-05   1.717E-03
    1.401E-02   1.991E-03   4.349E-05   1.947E-03
    1.509E-02   2.238E-03   4.614E-05   2.192E-03
    1.617E-02   2.502E-03   4.872E-05   2.453E-03
    1.724E-02   2.783E-03   5.122E-05   2.731E-03
    1.832E-02   3.078E-03   5.363E-05   3.024E-03
    1.940E-02   3.392E-03   5.597E-05   3.336E-03
    2.048E-02   3.723E-03   5.822E-05   3.665E-03
    2.155E-02   4.071E-03   6.040E-05   4.011E-03
    2.263E-02   4.437E-03   6.249E-05   4.375E-03
    2.371E-02   4.822E-03   6.450E-05   4.758E-03
    2.479E-02   5.224E-03   6.644E-05   5.158E-03
    2.586E-02   5.646E-03   6.831E-05   5.577E-03
    2.694E-02   6.086E-03   7.010E-05   6.016E-03
    2.802E-02   6.544E-03   7.183E-05   6.472E-03
    2.910E-02   7.019E-03   7.349E-05   6.946E-03
    3.018E-02   7.512E-03   7.509E-05   7.437E-03
    3.125E-02   8.024E-03   7.664E-05   7.947E-03
    3.233E-02   8.550E-03   7.813E-05   8.472E-03
    3.341E-02   9.094E-03   7.958E-05   9.014E-03
    3.449E-02   9.651E-03   8.098E-05   9.570E-03
    3.556E-02   1.022E-02   8.236E-05   1.014E-02
    3.664E-02   1.081E-02   8.370E-05   1.073E-02
    3.772E-02   1.141E-02   8.501E-05   1.133E-02
    3.880E-02   1.202E-02   8.631E-05   1.194E-02
    3.987E-02   1.264E-02   8.759E-05   1.256E-02
    4.095E-02   1.328E-02   8.887E-05   1.319E-02
    4.203E-02   1.392E-02   9.015E-05   1.383E-02
    4.311E-02   1.456E-02   9.142E-05   1.447E-02
    4.419E-02   1.521E-02   9.271E-05   1.512E-02
    4.526E-02   1.587E-02   9.401E-05   1.577E-02
    4.634E-02   1.652E-02   9.533E-05   1.643E-02
    4.742E-02   1.718E-02   9.667E-05   1.709E-02
    4.850E-02   1.784E-02   9.805E-05   1.774E-02
    4.957E-02   1.850E-02   9.945E-05   1.840E-02
    5.065E-02   1.915E-02   1.009E-04   1.905E-02
    5.173E-02   1.981E-02   1.024E-04   1.970E-02
    5.281E-02   2.045E-02   1.039E-04   2.035E-02
    5.388E-02   2.109E-02   1.055E-04   2.099E-02
    5.496E-02   2.172E-02   1.071E-04   2.161E-02
    5.604E-02   2.234E-02   1.087E-04   2.223E-02
    5.712E-02   2.296E-02   1.105E-04   2.285E-02
    5.820E-02   2.356E-02   1.122E-04   2.345E-02
    5.927E-02   2.415E-02   1.140E-04   2.404E-02
    6.035E-02   2.473E-02   1.159E-04   2.461E-02
    6.143E-02   2.530E-02   1.178E-04   2.518E-02
    6.251E-02   2.585E-02   1.198E-04   2.573E-02
    6.358E-02   2.639E-02   1.218E-04   2.627E-02
    6.466E-02   2.691E-02   1.239E-04   2.679E-02
    6.574E-02   2.743E-02   1.260E-04   2.730E-02
    6.682E-02   2.792E-02   1.282E-04   2.779E-02
    6.789E-02   2.840E-02   1.304E-04   2.827E-02
    6.897E-02   2.887E-02   1.326E-04   2.874E-02
    7.005E-02   2.932E-02   1.348E-04   2.919E-02
    7.113E-02   2.976E-02   1.371E-04   2.963E-02
    7.221E-02   3.019E-02   1.395E-04   3.005E-02
    7.328E-02   3.059E-02   1.418E-04   3.045E-02
    7.436E-02   3.099E-02   1.441E-04   3.085E-02
    7.544E-02   3.137E-02   1.465E-04   3.122E-02
    7.652E-02   3.173E-02   1.489E-04   3.158E-02
    7.759E-02   3.208E-02   1.512E-04   3.193E-02
    7.867E-02   3.242E-02   1.536E-04   3.227E-02
    7.975E-02   3.274E-02   1.560E-04   3.259E-02
    8.083E-02   3.305E-02   1.583E-04   3.289E-02
    8.190E-02   3.334E-02   1.607E-04   3.318E-02
    8.298E-02   3.362E-02   1.630E-04   3.346E-02
    8.406E-02   3.388E-02   1.653E-04   3.372E-02
    8.514E-02   3.413E-02   1.675E-04   3.396E-02
    8.622E-02   3.437E-02   1.697E-04   3.420E-02
    8.729E-02   3.459E-02   1.719E-04   3.441E-02
    8.837E-02   3.479E-02   1.741E-04   3.462E-02
    8.945E-02   3.498E-02   1.762E-04   3.480E-02
    9.053E-02   3.516E-02   1.782E-04   3.498E-02
    9.160E-02   3.532E-02   1.802E-04   3.514E-02
    9.268E-02   3.546E-02   1.821E-04   3.528E-02
    9.376E-02   3.560E-02   1.840E-04   3.541E-02
    9.484E-02   3.572E-02   1.859E-04   3.553E-02
    9.591E-02   3.582E-02   1.876E-04   3.563E-02
    9.699E-02   3.592E-02   1.893E-04   3.573E-02
    9.807E-02   3.600E-02   1.910E-04   3.581E-02
    9.915E-02   3.607E-02   1.925E-04   3.588E-02
    1.002E-01   3.613E-02   1.940E-04   3.594E-02
    1.013E-01   3.619E-02   1.955E-04   3.599E-02
    1.024E-01   3.623E-02   1.968E-04   3.604E-02
    1.035E-01   3.627E-02   1.981E-04   3.607E-02
    1.045E-01   3.631E-02   1.994E-04   3.611E-02
    1.056E-01   3.633E-02   2.005E-04   3.613E-02
    1.067E-01   3.636E-02   2.016E-04   3.616E-02
    1.078E-01   3.638E-02   2.026E-04   3.618E-02
    1.088E-01   3.640E-02   2.036E-04   3.619E-02
    1.099E-01   3.641E-02   2.045E-04   3.621E-02
    1.110E-01   3.643E-02   2.054E-04   3.622E-02
    1.121E-01   3.644E-02   2.062E-04   3.624E-02
    1.132E-01   3.645E-02   2.070E-04   3.625E-02
    1.142E-01   3.647E-02   2.078E-04   3.626E-02
    1.153E-01   3.648E-02   2.086E-04   3.627E-02
    1.164E-01   3.649E-02   2.094E-04   3.628E-02
    1.175E-01   3.650E-02   2.102E-04   3.629E-02
    1.185E-01   3.651E-02   2.111E-04   3.629E-02
    1.196E-01   3.651E-02   2.121E-04   3.630E-02
    1.207E-01   3.652E-02   2.132E-04   3.631E-02
    1.218E-01   3.653E-02   2.143E-04   3.632E-02
    1.229E-01   3.654E-02   2.156E-04   3.632E-02
    1.239E-01   3.654E-02   2.171E-04   3.633E-02
    1.250E-01   3.655E-02   2.187E-04   3.633E-02
    1.261E-01   3.655E-02   2.204E-04   3.633E-02
    1.272E-01   3.656E-02   2.223E-04   3.634E-02
    1.282E-01   3.656E-02   2.244E-04   3.634E-02
    1.293E-01   3.656E-02   2.265E-04   3.634E-02
    1.304E-01   3.657E-02   2.288E-04   3.634E-02
    1.315E-01   3.657E-02   2.311E-04   3.634E-02
    1.326E-01   3.657E-02   2.334E-04   3.634E-02
    1.336E-01   3.657E-02   2.358E-04   3.634E-02
    1.347E-01   3.658E-02   2.381E-04   3.634E-02
    1.358E-01   3.658E-02   2.403E-04   3.634E-02
    1.369E-01   3.658E-02   2.425E-04   3.634E-02
    1.379E-01   3.658E-02   2.446E-04   3.634E-02
    1.390E-01   3.658E-02   2.465E-04   3.634E-02
    1.401E-01   3.659E-02   2.483E-04   3.634E-02
    1.412E-01   3.659E-02   2.500E-04   3.634E-02
    1.423E-01   3.659E-02   2.517E-04   3.634E-02
    1.433E-01   3.659E-02   2.533E-04   3.634E-02
    1.444E-01   3.659E-02   2.548E-04   3.634E-02
    1.455E-01   3.659E-02   2.564E-04   3.634E-02
    1.466E-01   3.660E-02   2.581E-04   3.634E-02
    1.476E-01   3.660E-02   2.600E-04   3.634E-02
    1.487E-01   3.660E-02   2.619E-04   3.634E-02
    1.498E-01   3.660E-02   2.641E-04   3.634E-02
    1.509E-01   3.660E-02   2.665E-04   3.634E-02
    1.520E-01   3.661E-02   2.691E-04   3.634E-02
    1.530E-01   3.661E-02   2.719E-04   3.634E-02
    1.541E-01   3.661E-02   2.747E-04   3.634E-02
    1.552E-01   3.662E-02   2.777E-04   3.634E-02
    1.563E-01   3.662E-02   2.807E-04   3.634E-02
    1.573E-01   3.662E-02   2.837E-04   3.634E-02
    1.584E-01   3.662E-02   2.866E-04   3.634E-02
    1.595E-01   3.663E-02   2.894E-04   3.634E-02
    1.606E-01   3.663E-02   2.919E-04   3.634E-02
    1.617E-01   3.663E-02   2.943E-04   3.634E-02
    1.627E-01   3.663E-02   2.966E-04   3.634E-02
    1.638E-01   3.664E-02   2.987E-04   3.634E-02
    1.649E-01   3.664E-02   3.006E-04   3.634E-02
    1.660E-01   3.664E-02   3.026E-04   3.634E-02
    1.670E-01   3.664E-02   3.045E-04   3.634E-02
    1.681E-01   3.664E-02   3.066E-04   3.634E-02
    1.692E-01   3.665E-02   3.088E-04   3.634E-02
    1.703E-01   3.665E-02   3.111E-04   3.634E-02
    1.714E-01   3.665E-02   3.136E-04   3.634E-02
    1.724E-01   3.665E-02   3.163E-04   3.634E-02
    1.735E-01   3.666E-02   3.191E-04   3.634E-02
    1.746E-01   3.666E-02   3.219E-04   3.634E-02
    1.757E-01   3.666E-02   3.247E-04   3.634E-02
    1.767E-01   3.666E-02   3.274E-04   3.634E-02
    1.778E-01   3.667E-02   3.301E-04   3.634E-02
    1.789E-01   3.667E-02   3.325E-04   3.634E-02
    1.800E-01   3.667E-02   3.348E-04   3.634E-02
    1.811E-01   3.667E-02   3.370E-04   3.634E-02
    1.821E-01   3.668E-02   3.391E-04   3.634E-02
    1.832E-01   3.668E-02   3.412E-04   3.634E-02
    1.843E-01   3.668E-02   3.433E-04   3.634E-02
    1.854E-01   3.668E-02   3.456E-04   3.634E-02
    1.864E-01   3.669E-02   3.481E-04   3.634E-02
    1.875E-01   3.669E-02   3.507E-04   3.634E-02
    1.886E-01   3.669E-02   3.536E-04   3.634E-02
    1.897E-01   3.669E-02   3.566E-04   3.634E-02
    1.908E-01   3.670E-02   3.597E-04   3.634E-02
    1.918E-01   3.670E-02   3.627E-04   3.634E-02
    1.929E-01   3.670E-02   3.656E-04   3.634E-02
    1.940E-01   3.671E-02   3.683E-04   3.634E-02
    1.951E-01   3.671E-02   3.709E-04   3.634E-02
    1.961E-01   3.671E-02   3.733E-04   3.634E-02
    1.972E-01   3.671E-02   3.755E-04   3.634E-02
    1.983E-01   3.672E-02   3.778E-04   3.634E-02
    1.994E-01   3.672E-02   3.802E-04   3.634E-02
    2.005E-01   3.672E-02   3.828E-04   3.634E-02
    2.015E-01   3.672E-02   3.856E-04   3.634E-02
    2.026E-01   3.673E-02   3.888E-04   3.634E-02
    2.037E-01   3.673E-02   3.923E-04   3.634E-02
    2.048E-01   3.673E-02   3.961E-04   3.634E-02
    2.058E-01   3.674E-02   3.999E-04   3.634E-02
    2.069E-01   3.674E-02   4.036E-04   3.634E-02
    2.080E-01   3.674E-02   4.072E-04   3.634E-02
    2.091E-01   3.675E-02   4.104E-04   3.634E-02
    2.102E-01   3.675E-02   4.134E-04   3.634E-02
    2.112E-01   3.675E-02   4.162E-04   3.634E-02
    2.123E-01   3.676E-02   4.188E-04   3.634E-02
    2.134E-01   3.676E-02   4.215E-04   3.634E-02
    2.145E-01   3.676E-02   4.245E-04   3.634E-02
    2.155E-01   3.677E-02   4.278E-04   3.634E-02
    2.166E-01   3.677E-02   4.315E-04   3.634E-02
    2.177E-01   3.677E-02   4.357E-04   3.634E-02
    2.188E-01   3.678E-02   4.402E-04   3.634E-02
    2.198E-01   3.678E-02   4.448E-04   3.634E-02
    2.209E-01   3.679E-02   4.493E-04   3.634E-02
    2.220E-01   3.679E-02   4.535E-04   3.634E-02
    2.231E-01   3.679E-02   4.573E-04   3.634E-02
    2.242E-01   3.680E-02   4.608E-04   3.634E-02
    2.252E-01   3.680E-02   4.641E-04   3.634E-02
    2.263E-01   3.680E-02   4.672E-04   3.634E-02
    2.274E-01   3.681E-02   4.706E-04   3.634E-02
    2.285E-01   3.681E-02   4.743E-04   3.634E-02
    2.295E-01   3.682E-02   4.784E-04   3.634E-02
    2.306E-01   3.682E-02   4.830E-04   3.634E-02
    2.317E-01   3.683E-02   4.880E-04   3.634E-02
    2.328E-01   3.683E-02   4.931E-04   3.634E-02
    2.339E-01   3.684E-02   4.981E-04   3.634E-02
    2.349E-01   3.684E-02   5.028E-04   3.634E-02
    2.360E-01   3.684E-02   5.070E-04   3.634E-02
    2.371E-01   3.685E-02   5.109E-04   3.634E-02
    2.382E-01   3.685E-02   5.147E-04   3.634E-02
    2.392E-01   3.686E-02   5.184E-04   3.634E-02
    2.403E-01   3.686E-02   5.224E-04   3.634E-02
    2.414E-01   3.686E-02   5.268E-04   3.634E-02
    2.425E-01   3.687E-02   5.316E-04   3.634E-02
    2.436E-01   3.687E-02   5.368E-04   3.634E-02
    2.446E-01   3.688E-02   5.422E-04   3.634E-02
    2.457E-01   3.688E-02   5.474E-04   3.634E-02
    2.468E-01   3.689E-02   5.524E-04   3.634E-02
    2.479E-01   3.689E-02   5.569E-04   3.634E-02
    2.489E-01   3.690E-02   5.612E-04   3.634E-02
    2.500E-01   3.690E-02   5.654E-04   3.634E-02
    2.511E-01   3.691E-02   5.696E-04   3.634E-02
    2.522E-01   3.691E-02   5.741E-04   3.634E-02
    2.533E-01   3.692E-02   5.791E-04   3.634E-02
    2.543E-01   3.692E-02   5.844E-04   3.634E-02
    2.554E-01   3.693E-02   5.898E-04   3.634E-02
    2.565E-01   3.693E-02   5.952E-04   3.634E-02
    2.576E-01   3.694E-02   6.003E-04   3.634E-02
    2.586E-01   3.694E-02   6.051E-04   3.634E-02
    2.597E-01   3.695E-02   6.097E-04   3.634E-02
    2.608E-01   3.695E-02   6.142E-04   3.634E-02
    2.619E-01   3.696E-02   6.189E-04   3.634E-02
    2.630E-01   3.696E-02   6.238E-04   3.634E-02
    2.640E-01   3.697E-02   6.291E-04   3.634E-02
    2.651E-01   3.697E-02   6.346E-04   3.634E-02
    2.662E-01   3.698E-02   6.401E-04   3.634E-02
    2.673E-01   3.698E-02   6.454E-04   3.634E-02
    2.683E-01   3.699E-02   6.504E-04   3.634E-02
    2.694E-01   3.699E-02   6.552E-04   3.634E-02
    2.705E-01   3.700E-02   6.599E-04   3.634E-02
    2.716E-01   3.700E-02   6.648E-04   3.634E-02
    2.727E-01   3.701E-02   6.700E-04   3.634E-02
    2.737E-01   3.701E-02   6.755E-04   3.634E-02
    2.748E-01   3.702E-02   6.812E-04   3.634E-02
    2.759E-01   3.702E-02   6.867E-04   3.634E-02
    2.770E-01   3.703E-02   6.920E-04   3.634E-02
    2.780E-01   3.703E-02   6.970E-04   3.634E-02
    2.791E-01   3.704E-02   7.017E-04   3.634E-02
    2.802E-01   3.704E-02   7.066E-04   3.634E-02
    2.813E-01   3.705E-02   7.118E-04   3.634E-02
    2.824E-01   3.705E-02   7.173E-04   3.634E-02
    2.834E-01   3.706E-02   7.230E-04   3.634E-02
    2.845E-01   3.707E-02   7.288E-04   3.634E-02
    2.856E-01   3.707E-02   7.342E-04   3.634E-02
    2.867E-01   3.708E-02   7.392E-04   3.634E-02
    2.877E-01   3.708E-02   7.440E-04   3.634E-02
    2.888E-01   3.709E-02   7.488E-04   3.634E-02
    2.899E-01   3.709E-02   7.539E-04   3.634E-02
    2.910E-01   3.710E-02   7.594E-04   3.634E-02
    2.921E-01   3.710E-02   7.653E-04   3.634E-02
    2.931E-01   3.711E-02   7.711E-04   3.634E-02
    2.942E-01   3.711E-02   7.765E-04   3.634E-02
    2.953E-01   3.712E-02   7.815E-04   3.634E-02
    2.964E-01   3.712E-02   7.861E-04   3.634E-02
    2.974E-01   3.713E-02   7.908E-04   3.634E-02
    2.985E-01   3.713E-02   7.959E-04   3.634E-02
    2.996E-01   3.714E-02   8.015E-04   3.634E-02
    3.007E-01   3.714E-02   8.073E-04   3.634E-02
    3.018E-01   3.715E-02   8.130E-04   3.634E-02
    3.028E-01   3.716E-02   8.181E-04   3.634E-02
    3.039E-01   3.716E-02   8.228E-04   3.634E-02
    3.050E-01   3.716E-02   8.272E-04   3.634E-02
    3.061E-01   3.717E-02   8.320E-04   3.634E-02
    3.071E-01   3.717E-02   8.371E-04   3.634E-02
    3.082E-01   3.718E-02   8.427E-04   3.634E-02
    3.093E-01   3.719E-02   8.483E-04   3.634E-02
    3.104E-01   3.719E-02   8.535E-04   3.634E-02
    3.115E-01   3.720E-02   8.580E-04   3.634E-02
    3.125E-01   3.720E-02   8.623E-04   3.634E-02
    3.136E-01   3.720E-02   8.667E-04   3.634E-02
    3.147E-01   3.721E-02   8.715E-04   3.634E-02
    3.158E-01   3.721E-02   8.768E-04   3.634E-02
    3.168E-01   3.722E-02   8.822E-04   3.634E-02
    3.179E-01   3.722E-02   8.871E-04   3.634E-02
    3.190E-01   3.723E-02   8.914E-04   3.634E-02
    3.201E-01   3.723E-02   8.953E-04   3.634E-02
    3.212E-01   3.724E-02   8.995E-04   3.634E-02
    3.222E-01   3.724E-02   9.042E-04   3.634E-02
    3.233E-01   3.725E-02   9.092E-04   3.634E-02
    3.244E-01   3.725E-02   9.141E-04   3.634E-02
    3.255E-01   3.726E-02   9.184E-04   3.634E-02
    3.265E-01   3.726E-02   9.222E-04   3.634E-02
    3.276E-01   3.726E-02   9.259E-04   3.634E-02
    3.287E-01   3.727E-02   9.299E-04   3.634E-02
    3.298E-01   3.727E-02   9.345E-04   3.634E-02
    3.309E-01   3.728E-02   9.390E-04   3.634E-02
    3.319E-01   3.728E-02   9.432E-04   3.634E-02
    3.330E-01   3.728E-02   9.468E-04   3.634E-02
    3.341E-01   3.729E-02   9.502E-04   3.634E-02
    3.352E-01   3.729E-02   9.538E-04   3.634E-02
    3.362E-01   3.730E-02   9.578E-04   3.634E-02
    3.373E-01   3.730E-02   9.619E-04   3.634E-02
    3.384E-01   3.730E-02   9.657E-04   3.634E-02
    3.395E-01   3.731E-02   9.690E-04   3.634E-02
    3.406E-01   3.731E-02   9.721E-04   3.634E-02
    3.416E-01   3.731E-02   9.753E-04   3.634E-02
    3.427E-01   3.732E-02   9.789E-04   3.634E-02
    3.438E-01   3.732E-02   9.826E-04   3.634E-02
    3.449E-01   3.732E-02   9.859E-04   3.634E-02
    3.459E-01   3.733E-02   9.888E-04   3.634E-02
    3.470E-01   3.733E-02   9.915E-04   3.634E-02
    3.481E-01   3.733E-02   9.945E-04   3.634E-02
    3.492E-01   3.734E-02   9.977E-04   3.634E-02
    3.503E-01   3.734E-02   1.001E-03   3.634E-02
    3.513E-01   3.734E-02   1.004E-03   3.634E-02
    3.524E-01   3.734E-02   1.006E-03   3.634E-02
    3.535E-01   3.735E-02   1.009E-03   3.634E-02
    3.546E-01   3.735E-02   1.011E-03   3.634E-02
    3.556E-01   3.735E-02   1.014E-03   3.634E-02
    3.567E-01   3.735E-02   1.017E-03   3.634E-02
    3.578E-01   3.736E-02   1.019E-03   3.634E-02
    3.589E-01   3.736E-02   1.021E-03   3.634E-02
    3.599E-01   3.736E-02   1.023E-03   3.634E-02
    3.610E-01   3.736E-02   1.026E-03   3.634E-02
    3.621E-01   3.737E-02   1.028E-03   3.634E-02
    3.632E-01   3.737E-02   1.030E-03   3.634E-02
    3.643E-01   3.737E-02   1.032E-03   3.634E-02
    3.653E-01   3.737E-02   1.034E-03   3.634E-02
    3.664E-01   3.737E-02   1.036E-03   3.634E-02
    3.675E-01   3.738E-02   1.038E-03   3.634E-02
    3.686E-01   3.738E-02   1.040E-03   3.634E-02
    3.696E-01   3.738E-02   1.041E-03   3.634E-02
    3.707E-01   3.738E-02   1.043E-03   3.634E-02
    3.718E-01   3.738E-02   1.045E-03   3.634E-02
    3.729E-01   3.738E-02   1.046E-03   3.634E-02
    3.740E-01   3.739E-02   1.048E-03   3.634E-02
    3.750E-01   3.739E-02   1.049E-03   3.634E-02
    3.761E-01   3.739E-02   1.051E-03   3.634E-02
    3.772E-01   3.739E-02   1.052E-03   3.634E-02
    3.783E-01   3.739E-02   1.054E-03   3.634E-02
    3.793E-01   3.739E-02   1.055E-03   3.634E-02
    3.804E-01   3.739E-02   1.056E-03   3.634E-02
    3.815E-01   3.739E-02   1.057E-03   3.634E-02
    3.826E-01   3.740E-02   1.059E-03   3.634E-02
    3.837E-01   3.740E-02   1.060E-03   3.634E-02
    3.847E-01   3.740E-02   1.061E-03   3.634E-02
    3.858E-01   3.740E-02   1.062E-03   3.634E-02
    3.869E-01   3.740E-02   1.063E-03   3.634E-02
    3.880E-01   3.740E-02   1.064E-03   3.634E-02
    3.890E-01   3.740E-02   1.065E-03   3.634E-02
    3.901E-01   3.740E-02   1.066E-03   3.634E-02
    3.912E-01   3.740E-02   1.067E-03   3.634E-02
    3.923E-01   3.740E-02   1.067E-03   3.634E-02
    3.934E-01   3.741E-02   1.068E-03   3.634E-02
    3.944E-01   3.741E-02   1.069E-03   3.634E-02
    3.955E-01   3.741E-02   1.070E-03   3.634E-02
    3.966E-01   3.741E-02   1.071E-03   3.634E-02
    3.977E-01   3.741E-02   1.071E-03   3.634E-02
    3.987E-01   3.741E-02   1.072E-03   3.634E-02
    3.998E-01   3.741E-02   1.073E-03   3.634E-02
    4.009E-01   3.741E-02   1.073E-03   3.634E-02
    4.020E-01   3.741E-02   1.074E-03   3.634E-02
    4.031E-01   3.741E-02   1.074E-03   3.634E-02
    4.041E-01   3.741E-02   1.075E-03   3.634E-02
    4.052E-01   3.741E-02   1.075E-03   3.634E-02
    4.063E-01   3.741E-02   1.076E-03   3.634E-02
    4.074E-01   3.741E-02   1.077E-03   3.634E-02
    4.084E-01   3.741E-02   1.077E-03   3.634E-02
    4.095E-01   3.741E-02   1.077E-03   3.634E-02
    4.106E-01   3.742E-02   1.078E-03   3.634E-02
    4.117E-01   3.742E-02   1.078E-03   3.634E-02
    4.128E-01   3.742E-02   1.079E-03   3.634E-02
    4.138E-01   3.742E-02   1.082E-03   3.634E-02
    4.149E-01   3.742E-02   1.086E-03   3.634E-02
    4.160E-01   3.743E-02   1.092E-03   3.634E-02
    4.171E-01   3.743E-02   1.095E-03   3.634E-02
    4.181E-01   3.744E-02   1.098E-03   3.634E-02
    4.192E-01   3.744E-02   1.101E-03   3.634E-02
    4.203E-01   3.744E-02   1.104E-03   3.634E-02
    4.214E-01   3.744E-02   1.104E-03   3.634E-02
    4.225E-01   3.744E-02   1.104E-03   3.634E-02
    4.235E-01   3.744E-02   1.104E-03   3.634E-02
    4.246E-01   3.744E-02   1.104E-03   3.634E-02
    4.257E-01   3.744E-02   1.104E-03   3.634E-02
    4.268E-01   3.744E-02   1.104E-03   3.634E-02
    4.278E-01   3.744E-02   1.104E-03   3.634E-02
    4.289E-01   3.744E-02   1.104E-03   3.634E-02
        
        
