 21-May-24 12/10/2013
 100000               1
   5244
*5244.000             1               0 SNB   3   2 CLC    39   40
  0.000000000E+00 0.780000000E+03 0.630000000E+01 0.150000000E+08
  0.150000000E+08 0.782603957E+03 0.471736131E+02 0.249507864E+03
  0.188284101E+01 0.548996550E+00 0.596937812E+00 0.153895806E+10
  0.805794534E+03 0.805737173E+02 0.709306639E+01 0.245277075E+01
  0.143028219E+01 0.930190470E+00 0.100000000E+11 0.185597586E+02
  0.186843732E+02 0.274468846E+02 0.535028563E+01-0.604255468E+00
  0.100000000E+05 0.100000000E+05 0.100000000E+05

  0.464826540E+03 0.470948277E+03

  0.216473581E+01 0.822262958E+00 0.233168680E+01 0.262795337E+01
  0.799774527E+00 0.837018996E+01-0.500000000E+02-0.500000000E+02
 -0.500000000E+02 0.706547230E+01 0.323620891E+06 0.888221644E+09
  0.991422014E-05 0.137669577E+01 0.127407204E+01-0.435716784E+00
  0.139588908E+01 0.777534485E+03 0.000000000E+00 0.000000000E+00
  0.633663278E+03-0.422610027E+03 0.582864039E+03 0.587193087E+03
  0.175197560E+03-0.500000000E+02 0.587263785E+01 0.593138704E+01
  0.100000000E+03 0.171323469E+03 0.205500814E+03 0.185597586E+02
  0.828474009E+03 0.908654223E+02 0.227132334E+02 0.000000000E+00
  0.116999680E+01 0.200641101E+01 0.726581432E+09 0.000000000E+00
  0.000000000E+00 0.000000000E+00 0.131455734E+01 0.100000000E+02
    44   76   15    1
 -0.365988086E+01 0.879633786E-06 0.879633786E-06 0.879633786E-06
  0.879633786E-06 0.879633786E-06 0.879633786E-06 0.879633786E-06
  0.879633786E-06 0.879633786E-06 0.879633786E-06 0.879633786E-06
  0.879633786E-06 0.879633786E-06 0.879633786E-06 0.879633786E-06
  0.879633786E-06 0.879633786E-06 0.879633786E-06 0.879633786E-06
  0.879633786E-06 0.879633786E-06 0.879633786E-06 0.879633786E-06
  0.879633786E-06 0.879633786E-06 0.879633786E-06 0.879633786E-06
  0.879633786E-06 0.879633786E-06 0.879633786E-06 0.879633786E-06
  0.879633786E-06 0.879633786E-06 0.879633786E-06 0.879633786E-06
  0.879633786E-06 0.879633786E-06 0.879633786E-06 0.879633786E-06
  0.879633786E-06 0.879633786E-06 0.879633786E-06 0.879633786E-06
  0.000000000E+00 0.000000000E+00 0.000000000E+00 0.000000000E+00
  0.000000000E+00 0.000000000E+00 0.000000000E+00 0.000000000E+00
  0.000000000E+00 0.000000000E+00 0.000000000E+00 0.000000000E+00
  0.000000000E+00 0.000000000E+00 0.000000000E+00 0.000000000E+00
  0.000000000E+00 0.000000000E+00 0.000000000E+00 0.000000000E+00
  0.000000000E+00 0.000000000E+00 0.000000000E+00 0.000000000E+00
  0.000000000E+00 0.000000000E+00 0.000000000E+00 0.000000000E+00
  0.000000000E+00 0.000000000E+00 0.000000000E+00 0.000000000E+00
  0.000000000E+00 0.000000000E+00 0.000000000E+00 0.000000000E+00
  0.000000000E+00 0.000000000E+00 0.000000000E+00 0.000000000E+00
  0.000000000E+00 0.000000000E+00 0.000000000E+00 0.000000000E+00
  0.000000000E+00 0.000000000E+00 0.000000000E+00 0.000000000E+00
  0.000000000E+00 0.000000000E+00 0.000000000E+00 0.000000000E+00
  0.000000000E+00 0.000000000E+00 0.000000000E+00 0.000000000E+00
  0.000000000E+00 0.000000000E+00 0.000000000E+00 0.000000000E+00
  0.000000000E+00 0.000000000E+00 0.000000000E+00 0.000000000E+00
  0.000000000E+00 0.000000000E+00 0.000000000E+00 0.000000000E+00
  0.000000000E+00 0.000000000E+00 0.000000000E+00 0.000000000E+00
  0.000000000E+00 0.000000000E+00 0.000000000E+00 0.000000000E+00
 -0.249993529E+08 0.716341853E+07 0.565471964E+07-0.915417329E+07
 -0.571459160E+07 0.148081041E+08-0.939647024E+07-0.730335604E+05
 -0.425053548E+07-0.333880550E+08 0.314364669E+08 0.213443225E+08
 -0.935994188E+07 0.124275703E+08 0.350155199E+07

  0.000000000E+00 0.493695406E+03-0.457421490E+03 0.703517136E+03
 -0.585645154E+03 0.000000000E+00 0.000000000E+00 0.000000000E+00
  0.000000000E+00 0.000000000E+00 0.100000000E+03 0.000000000E+00
  0.995819980E+00 0.129395867E+01-0.555052481E+01-0.411186533E+00
 -0.424942263E-02 0.000000000E+00 0.999000000E+03 0.204308261E+01
  0.306192825E+02 0.105275199E+01 0.000000000E+00-0.215660019E+01
  0.431876658E+01 0.140272589E+01 0.198164051E+01 0.184071579E+00
  0.420883434E+00 0.976436686E+00 0.554540985E+01 0.101936753E+02
  0.107476661E+04 0.379052166E+01 0.146019572E+02 0.489219892E+02
 -0.890000000E+02-0.890000000E+02-0.890000000E+02-0.890000000E+02
  0.258811109E+01-0.890000000E+02-0.890000000E+02 0.493695406E+03
 -0.457421490E+03-0.890000000E+02-0.890000000E+02 0.703517136E+03
 -0.585645154E+03 0.000000000E+00 0.448304209E+00 0.601575027E+00
  0.668567729E+03 0.773281250E+03 0.000000000E+00 0.696154764E+00
  0.000000000E+00 0.000000000E+00 0.000000000E+00 0.000000000E+00
