     R(m)       Z(m)  
     5.12      -3.43  
   5.1199   -3.67004  
  5.12006   -3.79517  
  5.10042     -4.063  
  5.06912   -4.20505  
  5.02579    -4.3471  
  4.97041   -4.49156  
  4.92948   -4.59268  
  4.89096   -4.68176  
  4.84002   -4.78502  
     4.78      -4.91  
  5.08007   -4.85999  
  5.23746    -4.8317  
  5.75002   -4.59997  
  5.85663    -4.6036  
   5.9538    -4.6085  
  6.05319   -4.63302  
  6.16998   -4.68606  
  6.25511   -4.74044  
   6.3464   -4.81423  
  6.39486   -4.86358  
  6.47039   -4.95384  
   6.6395   -5.51776  
     6.87   -5.72002  
      7.1      -5.91  
  7.13999   -5.61699  
    7.173   -5.38338  
  7.20461   -5.22182  
  7.25043   -5.00696  
  7.29287   -4.80706  
  7.35633   -4.59025  
  7.42243   -4.41574  
  7.48363   -4.28834  
  7.57096   -4.12866  
  7.67745   -3.98855  
  7.79403   -3.85852  
  7.88568   -3.76419  
  7.94551   -3.69688  
   7.9939    -3.6431  
   8.1531    -3.4764  
   8.3106    -3.3081  
   8.4663     -3.138  
   8.6201    -2.9663  
    8.772     -2.793  
   8.9221     -2.618  
   9.0702    -2.4414  
   9.2165    -2.2633  
   9.3608    -2.0835  
   9.5032    -1.9022  
   9.6437    -1.7194  
   9.7797    -1.5335  
   9.8956    -1.3343  
   10.003    -1.1302  
   10.101    -0.9218  
   10.191   -0.70933  
   10.271   -0.49322  
   10.342   -0.27388  
   10.403    -0.0517  
   10.455     0.1729  
   10.497    0.39952  
   10.516    0.62887  
   10.516    0.85937  
   10.506     1.0897  
   10.486     1.3193  
   10.457      1.548  
   10.418     1.7752  
    10.37     2.0006  
   10.296     2.2184  
   10.203     2.4294  
   10.101     2.6361  
   9.9905     2.8382  
    9.871     3.0352  
    9.743     3.2269  
   9.6067     3.4128  
   9.4625     3.5926  
   9.3106      3.766  
   9.1513     3.9326  
   8.9867      4.094  
    8.818     4.2511  
   8.6453     4.4038  
   8.4687     4.5519  
   8.2883     4.6953  
   8.1042     4.8341  
   7.9165     4.9679  
   7.7255     5.0969  
   7.5311     5.2209  
   7.3336     5.3397  
   7.1331     5.4534  
   6.9297     5.5618  
   6.7235     5.6649  
   6.5144     5.7618  
   6.3023     5.8521  
   6.0874     5.9355  
   5.8699      6.012  
   5.6433     6.0298  
   5.4309     5.9448  
   5.2778     5.7763  
   5.1904     5.5633  
   5.1373     5.3392  
     5.12     5.1096  
     5.12     4.8791  
     5.12     4.6486  
     5.12      4.418  
     5.12     4.1875  
     5.12      3.957  
     5.12     3.7265  
     5.12      3.496  
     5.12     3.2655  
     5.12      3.035  
     5.12     2.8044  
     5.12     2.5739  
     5.12     2.3434  
     5.12     2.1129  
     5.12     1.8824  
     5.12     1.6519  
     5.12     1.4213  
     5.12     1.1908  
     5.12    0.96031  
     5.12     0.7298  
     5.12    0.49928  
     5.12    0.26876  
     5.12    0.03825  
     5.12   -0.19227  
     5.12   -0.42278  
     5.12    -0.6533  
     5.12   -0.88381  
     5.12    -1.1143  
     5.12    -1.3448  
     5.12    -1.5754  
     5.12    -1.8059  
     5.12    -2.0364  
     5.12    -2.2669  
     5.12    -2.4974  
     5.12    -2.7279  
     5.12    -2.9585  
     5.12     -3.189  
     5.12    -3.4195  
     5.12      -3.43  
