 0.110000000E+02
   8 201  30   3
 0.190000000E+12 0.100000000E+01 0.112000000E+04 0.100000000E+03 0.980000000E+02
 0.215000000E+03 0.120000000E+01 0.100000000E+01 0.779999983E+03 0.629999984E+05
 0.330036235E+03
 0.000000000E+00 0.431195801E-04 0.172616024E-03 0.388893513E-03 0.692605024E-03
 0.108463564E-02 0.156608729E-02 0.213826436E-02 0.280265987E-02 0.356094167E-02
 0.441493836E-02 0.536662445E-02 0.641810457E-02 0.757159609E-02 0.882941002E-02
 0.101939298E-01 0.116675873E-01 0.132528366E-01 0.149521235E-01 0.167678532E-01
 0.187023526E-01 0.207578303E-01 0.229363091E-01 0.252394958E-01 0.276686425E-01
 0.302244419E-01 0.329069257E-01 0.357153635E-01 0.386481650E-01 0.417027975E-01
 0.448759736E-01 0.481641953E-01 0.515641519E-01 0.550728513E-01 0.586877269E-01
 0.624067233E-01 0.662281282E-01 0.701501537E-01 0.741707057E-01 0.782873637E-01
 0.824973734E-01 0.867977253E-01 0.911853260E-01 0.956571036E-01 0.100210032E+00
 0.104841151E+00 0.109547620E+00 0.114326760E+00 0.119176085E+00 0.124093316E+00
 0.129076462E+00 0.134123933E+00 0.139234582E+00 0.144407733E+00 0.149643287E+00
 0.154941885E+00 0.160304980E+00 0.165734842E+00 0.171234525E+00 0.176807830E+00
 0.182459320E+00 0.188194210E+00 0.194017961E+00 0.199935995E+00 0.205953622E+00
 0.212075655E+00 0.218305884E+00 0.224646859E+00 0.231099762E+00 0.237664267E+00
 0.244338411E+00 0.251118612E+00 0.257999839E+00 0.264975706E+00 0.272038665E+00
 0.279180402E+00 0.286392072E+00 0.293664562E+00 0.300988827E+00 0.308356078E+00
 0.315757963E+00 0.323186739E+00 0.330635340E+00 0.338097398E+00 0.345567257E+00
 0.353039960E+00 0.360511206E+00 0.367977318E+00 0.375435161E+00 0.382882052E+00
 0.390315710E+00 0.397734200E+00 0.405135879E+00 0.412519360E+00 0.419883445E+00
 0.427227089E+00 0.434549370E+00 0.441849464E+00 0.449126622E+00 0.456380161E+00
 0.463609449E+00 0.470813900E+00 0.477992958E+00 0.485146093E+00 0.492272795E+00
 0.499372571E+00 0.506444950E+00 0.513489477E+00 0.520505723E+00 0.527493281E+00
 0.534451768E+00 0.541380825E+00 0.548280112E+00 0.555149300E+00 0.561988064E+00
 0.568796080E+00 0.575573023E+00 0.582318564E+00 0.589032373E+00 0.595714120E+00
 0.602363478E+00 0.608980121E+00 0.615563726E+00 0.622113974E+00 0.628630546E+00
 0.635113122E+00 0.641561380E+00 0.647974992E+00 0.654353629E+00 0.660696953E+00
 0.667004624E+00 0.673276300E+00 0.679511635E+00 0.685710283E+00 0.691871896E+00
 0.697996124E+00 0.704082615E+00 0.710131014E+00 0.716140962E+00 0.722112093E+00
 0.728044039E+00 0.733936440E+00 0.739788948E+00 0.745601235E+00 0.751372983E+00
 0.757103871E+00 0.762793568E+00 0.768441739E+00 0.774048044E+00 0.779612145E+00
 0.785133706E+00 0.790612389E+00 0.796047841E+00 0.801439691E+00 0.806787552E+00
 0.812091032E+00 0.817349739E+00 0.822563292E+00 0.827731320E+00 0.832853500E+00
 0.837929582E+00 0.842959393E+00 0.847942817E+00 0.852879723E+00 0.857769889E+00
 0.862613003E+00 0.867408676E+00 0.872156500E+00 0.876856098E+00 0.881507137E+00
 0.886109314E+00 0.890662155E+00 0.895164727E+00 0.899615562E+00 0.904012728E+00
 0.908354118E+00 0.912638240E+00 0.916864749E+00 0.921034401E+00 0.925148896E+00
 0.929210234E+00 0.933219591E+00 0.937176806E+00 0.941080516E+00 0.944928378E+00
 0.948719982E+00 0.952462876E+00 0.956175554E+00 0.959887160E+00 0.963638355E+00
 0.967477438E+00 0.971433782E+00 0.975486728E+00 0.979554163E+00 0.983500027E+00
 0.987170334E+00 0.990459192E+00 0.993343766E+00 0.995858012E+00 0.998057549E+00
 0.100000000E+01
 0.199730919E+01 0.199731007E+01 0.199731270E+01 0.199731708E+01 0.199732319E+01
 0.199733100E+01 0.199734051E+01 0.199735166E+01 0.199736444E+01 0.199737879E+01
 0.199739468E+01 0.199741205E+01 0.199743086E+01 0.199745104E+01 0.199747253E+01
 0.199749528E+01 0.199751921E+01 0.199754426E+01 0.199757035E+01 0.199759742E+01
 0.199762539E+01 0.199765420E+01 0.199768376E+01 0.199771401E+01 0.199774488E+01
 0.199777632E+01 0.199780825E+01 0.199784064E+01 0.199787342E+01 0.199790657E+01
 0.199794005E+01 0.199797386E+01 0.199800798E+01 0.199804243E+01 0.199807723E+01
 0.199811244E+01 0.199814813E+01 0.199818439E+01 0.199822134E+01 0.199825913E+01
 0.199829766E+01 0.199833599E+01 0.199837442E+01 0.199841398E+01 0.199845481E+01
 0.199849722E+01 0.199854157E+01 0.199858819E+01 0.199863748E+01 0.199868981E+01
 0.199874560E+01 0.199880529E+01 0.199886933E+01 0.199893822E+01 0.199901244E+01
 0.199909256E+01 0.199917916E+01 0.199927268E+01 0.199937314E+01 0.199948080E+01
 0.199959647E+01 0.199972107E+01 0.199985551E+01 0.200000074E+01 0.200015780E+01
 0.200002645E+01 0.200005773E+01 0.200008644E+01 0.200011248E+01 0.200013593E+01
 0.200015691E+01 0.200017550E+01 0.200019181E+01 0.200020592E+01 0.200021794E+01
 0.200022823E+01 0.200023711E+01 0.200024461E+01 0.200025082E+01 0.200025582E+01
 0.200025969E+01 0.200026251E+01 0.200026437E+01 0.200026531E+01 0.200026543E+01
 0.200026477E+01 0.200026340E+01 0.200026138E+01 0.200025875E+01 0.200025558E+01
 0.200025190E+01 0.200024777E+01 0.200024343E+01 0.200023906E+01 0.200023469E+01
 0.200023035E+01 0.200022607E+01 0.200022188E+01 0.200021781E+01 0.200021388E+01
 0.200021012E+01 0.200020655E+01 0.200020320E+01 0.200020008E+01 0.200019722E+01
 0.200019463E+01 0.200019233E+01 0.200019035E+01 0.200018870E+01 0.200018734E+01
 0.200018627E+01 0.200018549E+01 0.200018501E+01 0.200018484E+01 0.200018499E+01
 0.200018547E+01 0.200018627E+01 0.200018741E+01 0.200018889E+01 0.200019070E+01
 0.200019286E+01 0.200019535E+01 0.200019819E+01 0.200020136E+01 0.200020488E+01
 0.200020872E+01 0.200021293E+01 0.200021752E+01 0.200022251E+01 0.200022789E+01
 0.200023365E+01 0.200023981E+01 0.200024635E+01 0.200025328E+01 0.200026058E+01
 0.200026827E+01 0.200027633E+01 0.200028476E+01 0.200029355E+01 0.200030269E+01
 0.200031218E+01 0.200032201E+01 0.200033218E+01 0.200034262E+01 0.200035330E+01
 0.200036420E+01 0.200037531E+01 0.200038661E+01 0.200039803E+01 0.200040933E+01
 0.200042109E+01 0.200043300E+01 0.200044505E+01 0.200045724E+01 0.200046953E+01
 0.200048193E+01 0.200049443E+01 0.200050711E+01 0.200052008E+01 0.200053344E+01
 0.200054728E+01 0.200056161E+01 0.200057641E+01 0.200059160E+01 0.200060712E+01
 0.200062292E+01 0.200063900E+01 0.200065537E+01 0.200067200E+01 0.200068888E+01
 0.200070602E+01 0.200072342E+01 0.200074102E+01 0.200075883E+01 0.200077685E+01
 0.200079505E+01 0.200081342E+01 0.200083195E+01 0.200085062E+01 0.200087023E+01
 0.200089216E+01 0.200091744E+01 0.200094671E+01 0.200098073E+01 0.200102091E+01
 0.200106818E+01 0.200112273E+01 0.200118706E+01 0.200126362E+01 0.200134989E+01
 0.200144245E+01 0.200153422E+01 0.200160058E+01 0.200153893E+01 0.200142447E+01
 0.199969805E+01 0.200107095E+01 0.200009697E+01 0.200204544E+01 0.201533886E+01
 0.199789753E+01
 0.141542138E+15 0.141538284E+15 0.141526732E+15 0.141507473E+15 0.141480521E+15
 0.141445881E+15 0.141403557E+15 0.141353562E+15 0.141295905E+15 0.141230599E+15
 0.141157665E+15 0.141077106E+15 0.140988948E+15 0.140893212E+15 0.140789908E+15
 0.140679064E+15 0.140560706E+15 0.140434852E+15 0.140301533E+15 0.140160779E+15
 0.140012612E+15 0.139857067E+15 0.139694177E+15 0.139523978E+15 0.139346499E+15
 0.139161775E+15 0.138969853E+15 0.138770763E+15 0.138564553E+15 0.138351263E+15
 0.138130932E+15 0.137903606E+15 0.137669338E+15 0.137428168E+15 0.137180147E+15
 0.136925322E+15 0.136663749E+15 0.136395475E+15 0.136120560E+15 0.135839057E+15
 0.135550943E+15 0.135255970E+15 0.134955327E+15 0.134650078E+15 0.134339985E+15
 0.134025119E+15 0.133705523E+15 0.133381234E+15 0.133052300E+15 0.132718759E+15
 0.132380661E+15 0.132038058E+15 0.131691011E+15 0.131339565E+15 0.130983780E+15
 0.130623685E+15 0.130259339E+15 0.129889926E+15 0.129511688E+15 0.129121703E+15
 0.128720035E+15 0.128306779E+15 0.127882037E+15 0.127445907E+15 0.126998509E+15
 0.126539964E+15 0.126070384E+15 0.125589897E+15 0.125098625E+15 0.124596683E+15
 0.124084200E+15 0.123561307E+15 0.123028147E+15 0.122484888E+15 0.121932106E+15
 0.121372459E+15 0.120808202E+15 0.120239559E+15 0.119666810E+15 0.119090203E+15
 0.118509987E+15 0.117926415E+15 0.117339732E+15 0.116750195E+15 0.116158068E+15
 0.115563605E+15 0.114967072E+15 0.114368732E+15 0.113768866E+15 0.113167774E+15
 0.112565934E+15 0.111964861E+15 0.111369153E+15 0.110782633E+15 0.110205783E+15
 0.109638514E+15 0.109080656E+15 0.108532042E+15 0.107992484E+15 0.107461819E+15
 0.106939872E+15 0.106426481E+15 0.105921485E+15 0.105424723E+15 0.104936040E+15
 0.104455290E+15 0.103982317E+15 0.103516922E+15 0.103058648E+15 0.102606062E+15
 0.102157917E+15 0.101713989E+15 0.101274214E+15 0.100838568E+15 0.100407015E+15
 0.999795321E+14 0.995560858E+14 0.991366509E+14 0.987211998E+14 0.983097066E+14
 0.979021431E+14 0.974984839E+14 0.970987036E+14 0.967027843E+14 0.963107465E+14
 0.959228444E+14 0.955402424E+14 0.951640001E+14 0.947942233E+14 0.944308498E+14
 0.940737927E+14 0.937229621E+14 0.933782670E+14 0.930396196E+14 0.927069318E+14
 0.923801170E+14 0.920590908E+14 0.917437689E+14 0.914340685E+14 0.911299059E+14
 0.908311910E+14 0.905377863E+14 0.902492734E+14 0.899639088E+14 0.896800592E+14
 0.893974748E+14 0.891161558E+14 0.888361911E+14 0.885579559E+14 0.882834897E+14
 0.880079324E+14 0.877337110E+14 0.874608058E+14 0.871892033E+14 0.869188607E+14
 0.866496551E+14 0.863812372E+14 0.861129089E+14 0.858436747E+14 0.855723984E+14
 0.852980133E+14 0.850197114E+14 0.847370386E+14 0.844498694E+14 0.841582743E+14
 0.838623365E+14 0.835621032E+14 0.832576283E+14 0.829489660E+14 0.826361710E+14
 0.823192990E+14 0.820048770E+14 0.816799260E+14 0.813510660E+14 0.810183570E+14
 0.806818540E+14 0.803416180E+14 0.799977080E+14 0.796501820E+14 0.792697640E+14
 0.788086330E+14 0.782335640E+14 0.775288410E+14 0.766766950E+14 0.756295210E+14
 0.743547690E+14 0.728636070E+14 0.710908570E+14 0.689419340E+14 0.664630470E+14
 0.636818250E+14 0.605942990E+14 0.573256220E+14 0.540072990E+14 0.507458420E+14
 0.476749590E+14 0.448673970E+14 0.423870420E+14 0.402985210E+14 0.385478480E+14
 0.370553490E+14
 0.300643892E+02 0.300611236E+02 0.300513295E+02 0.300350151E+02 0.300121921E+02
 0.299828778E+02 0.299470930E+02 0.299048636E+02 0.298562189E+02 0.298011932E+02
 0.297398253E+02 0.296721579E+02 0.295982383E+02 0.295181169E+02 0.294318497E+02
 0.293394948E+02 0.292411163E+02 0.291367805E+02 0.290265588E+02 0.289105250E+02
 0.287887583E+02 0.286613392E+02 0.285283530E+02 0.283898887E+02 0.282460372E+02
 0.280968938E+02 0.279425560E+02 0.277831249E+02 0.276187036E+02 0.274493985E+02
 0.272753185E+02 0.270965742E+02 0.269132801E+02 0.267255514E+02 0.265335063E+02
 0.263372643E+02 0.261369467E+02 0.259326775E+02 0.257245815E+02 0.255127847E+02
 0.252976140E+02 0.250799838E+02 0.248616478E+02 0.246437039E+02 0.244261908E+02
 0.242091625E+02 0.239926361E+02 0.237766239E+02 0.235611412E+02 0.233462036E+02
 0.231318284E+02 0.229180357E+02 0.227048464E+02 0.224922818E+02 0.222803638E+02
 0.220691098E+02 0.218585408E+02 0.216485613E+02 0.214387081E+02 0.212286299E+02
 0.210183515E+02 0.208079095E+02 0.205973364E+02 0.203866706E+02 0.201759492E+02
 0.199652109E+02 0.197544922E+02 0.195438298E+02 0.193332596E+02 0.191228175E+02
 0.189125381E+02 0.187024588E+02 0.184926273E+02 0.182831477E+02 0.180744151E+02
 0.178675549E+02 0.176635159E+02 0.174624721E+02 0.172644558E+02 0.170694673E+02
 0.168775008E+02 0.166885466E+02 0.165025935E+02 0.163196297E+02 0.161396420E+02
 0.159626161E+02 0.157885354E+02 0.156173843E+02 0.154491435E+02 0.152837902E+02
 0.151212722E+02 0.149614082E+02 0.148037218E+02 0.146477881E+02 0.144934934E+02
 0.143408098E+02 0.141897218E+02 0.140402167E+02 0.138922821E+02 0.137459054E+02
 0.136010740E+02 0.134577750E+02 0.133159958E+02 0.131757228E+02 0.130369441E+02
 0.128996457E+02 0.127638161E+02 0.126294449E+02 0.124965383E+02 0.123651422E+02
 0.122352973E+02 0.121070057E+02 0.119802567E+02 0.118550384E+02 0.117313385E+02
 0.116091446E+02 0.114884444E+02 0.113692265E+02 0.112514779E+02 0.111351862E+02
 0.110203394E+02 0.109069251E+02 0.107949309E+02 0.106843421E+02 0.105751390E+02
 0.104672578E+02 0.103604734E+02 0.102545860E+02 0.101495717E+02 0.100454352E+02
 0.994218809E+01 0.983984068E+01 0.973840363E+01 0.963788683E+01 0.953829959E+01
 0.943965067E+01 0.934194821E+01 0.924519997E+01 0.914941297E+01 0.905459399E+01
 0.896074964E+01 0.886788881E+01 0.877603621E+01 0.868528614E+01 0.859572437E+01
 0.850736258E+01 0.842020459E+01 0.833429168E+01 0.824989833E+01 0.816866185E+01
 0.808646531E+01 0.800535454E+01 0.792529603E+01 0.784628047E+01 0.776830710E+01
 0.769135641E+01 0.761535405E+01 0.754015173E+01 0.746554158E+01 0.739128785E+01
 0.731717037E+01 0.724302340E+01 0.716875562E+01 0.709434494E+01 0.701981148E+01
 0.694517965E+01 0.687046769E+01 0.679569535E+01 0.672088219E+01 0.664604760E+01
 0.657121072E+01 0.649633240E+01 0.642151730E+01 0.634675660E+01 0.627206840E+01
 0.619747080E+01 0.612298150E+01 0.604861810E+01 0.597439800E+01 0.589713950E+01
 0.581157560E+01 0.571389140E+01 0.560192830E+01 0.547302270E+01 0.532214580E+01
 0.514595800E+01 0.494344970E+01 0.470435880E+01 0.441674080E+01 0.408416080E+01
 0.370874860E+01 0.329401120E+01 0.285605180E+01 0.240648030E+01 0.196355620E+01
 0.154987670E+01 0.116699180E+01 0.824889430E+00 0.541793620E+00 0.303003230E+00
 0.881957900E-01
